0
0.0
0.0
0.0
0.0
0.00419542050317
0.0
0.00306437344501
0.0
0.0
0.0
0.00177319181343
0.0
0.0
0.0
0.0
0.0
0.0
0.00748879149098
0.0
0.0
0.0
0.00518440851466
0.0
0.00159118002255
0.00815652457131
0.0
0.0
0.00379707691718
0.00692250715967
0.0
0.0
0.00596337379818
0.0
0.0
0.0
0.00645778368448
0.0
0.0
0.00397994030382
0.0
0.0
0.0
0.0
0.0
0.0
0.0
0.0
0.0
0.0
0.0
0.0
0.0
0.0
0.0
0.0
0.0
0.0
0.0
0.0
0.0
0.0
0.0
0.0
0.0
0.0
0.0
0.0
0.0
0.0
0.0
0.0
0.00301045220938
0.0
0.00464358396444
0.0
0.00151845298269
0.0
0.0
0.0
0.0
0.0
0.0
0.0
0.0
0.0
0.0
0.0
0.0
0.00319228498716
0.00579394817582
0.0
0.0
0.0
0.0
0.0
0.0
0.0
0.0
0.00745359092035
0.0
0.0
0.0
0.0
0.0
0.00719782477258
0.0
0.0
0.0
0.00791254786135
0.015852023412
0.0
0.0
0.0065808254687
0.00945442712312
0.0
0.0
0.0
0.00729657533337
0.0
0.0
0.0
0.0
0.0
0.0
0.0
0.0
0.0
0.0
0.0
0.0
0.0
0.0
0.0
0.0
0.0
0.0
0.0
0.0
0.0
0.0
0.0
0.0
0.0
0.0
0.0
0.0
0.00079504126378
0.0
0.00539302362788
0.000755585436365
0.0
0.00447195344727
0.0
0.0
0.0
0.0
0.0
0.0
0.0
0.0
0.0
0.00478755169525
0.00997967365031
0.0
0.0
0.00452566832959
0.0
0.0
0.0
0.0
0.0
0.0
0.0
0.0
0.0
0.000258714573317
0.0
0.0
0.0
0.0
0.00595239173511
0.0
0.0
0.00624717618611
0.00328568290578
0.0
0.000356866891315
0.0
0.0
0.0
0.0
0.000750379617816
0.0
0.0
0.0
0.0
0.0
0.0
0.0
0.0
0.00768126960261
0.0134152926772
0.0
0.0
0.00435815466148
0.0
0.0
0.00653569395982
0.00295427624646
0.0
0.00242133042836
0.0
0.0
0.0
0.0
0.00615063012832
0.0
0.0
0.0
0.0
0.0
0.0
0.0
0.0
0.0
0.0
0.0
0.0
0.0
0.0
0.0
