0
0.00459550319672
0.0
0.00711299270824
0.0143821496983
0.00972078592345
0.0
0.00285609285756
0.0
0.000560591396137
0.0
0.0
0.0
0.0
0.00463235213511
0.00588883618638
0.000487580221656
0.00642792230636
0.0
0.0
0.0
0.00444754876226
0.0
0.0
0.0
0.0
0.0
0.0
0.0
0.00460212960194
0.00078699740759
0.0
0.0
0.0
0.00751186646303
0.0152051609804
0.0009878158213
0.0
0.000614135522285
0.0
0.0
0.0
0.0
0.0
0.0030726597495
0.0
0.0
0.0
0.0
0.00757355966952
0.0
0.0
0.0
0.0
0.0
0.0
0.0
0.00614022327228
0.0137197297259
0.00958687564123
0.0
0.0
0.00257299388669
0.00796487892453
0.0
0.0
0.0
0.0
0.0
0.0
0.0
0.00536165467904
0.00505112464302
0.0
0.0
0.00348144088261
0.0
0.0
0.0
0.0
0.0
0.0
0.0
0.0
0.0
0.0
0.0
0.0
0.0
0.0
0.0
0.0
0.0
0.0
0.00151817926482
0.0
0.0073395886626
0.00492296260314
0.0
0.0
0.0
0.0
0.0
0.0
0.0
0.00717126014628
0.00916878399474
0.0
0.0
0.0
0.0
0.000534428898094
0.0
0.00657705369831
0.0
0.0
0.0
0.0
0.0
0.0
0.0
0.0
0.00495970853164
0.0070480783627
0.00658669046314
0.0
0.0
0.00699940573146
0.0
0.0
0.0
0.0
0.0
0.0
0.0
0.000443804113189
0.0
0.00666434254785
0.00629522585122
0.0
0.0
0.0
0.00174628866672
0.00661635543066
0.0
0.00313368173155
0.0
0.0
0.0
0.0
0.0
0.0
0.0
0.0
0.0
0.00551259401278
0.0
0.0
0.00237206552213
0.00232838458488
0.0
0.0
0.0
0.0
0.0
0.0
0.0
0.0
0.0
0.0
0.0
0.0
0.0
0.0
0.0
0.0
0.0
0.0
0.0
0.0
0.0
0.0
0.0
0.00746060115503
0.0
0.0
0.0
0.0
0.0
0.0
0.0
0.0
0.0
0.00028714818614
0.0
0.0
0.0
0.0
0.0
0.00237676808166
0.00275532836033
0.00670054061896
0.0138399260676
0.0205955601893
0.00267357421041
0.000643836301443
0.0
0.0
0.0
0.0
0.00177112454493
0.0
0.0
0.000973506017197
0.00651435901968
0.00732816000667
0.0
0.0
0.0
0.0
0.0
0.0
0.0
0.0
0.0
0.0
0.0
0.0
0.00131323077958
0.0
0.0
0.00791386189373
0.00975744737608
0.0163067004464
0.0197670057631
0.0
0.0
0.0
0.0
0.00641325318319
0.0
0.0
0.0
0.0
0.0
0.0
0.0
0.00269169455897
0.00468131757434
0.0
0.0
0.0
0.0
0.0
0.0
0.0
0.0
0.00645105226759
0.0
0.0
0.0
0.0
0.0
0.0
0.00385602226433
0.0
0.00183341183257
0.0
0.00122402530373
0.0
0.0
0.0
0.00418176765843
0.0
0.00484350159457
0.0
0.00489600159547
0.000980915703678
0.000684108596763
0.0
0.0
0.0
0.0
0.0035744243485
0.0
0.00680803725692
0.0141820939972
0.00602383915515
0.00919816533607
0.0
0.00621536550289
0.0
0.00274342632968
0.00497463699315
0.010281673232
0.0
0.0
0.0
0.00275615331686
0.0
0.0
0.00710771632362
0.0
0.0
0.0
0.0
0.0
0.0
0.0
0.0
0.00522742713914
0.0
0.00279991650604
0.00844229358489
0.0
0.0
0.0
0.0
0.0
0.00695971324239
0.0
0.0
0.0
0.0
0.0
0.00162020917017
0.00524726918028
0.0
0.0
0.0
0.0
0.0
0.00459244692738
0.0
0.0
0.0
0.0
0.00398799025349
0.0
0.0
