0
0.0
0.0
0.00152845851815
0.00548228830403
0.0
0.00147696772917
0.00712193438348
0.0
0.0
0.0030544808454
0.00767622920567
0.00605420559638
0.0
0.00746869674242
0.0147771493813
0.00132494617115
0.0
0.0
0.0
0.000181684734513
0.0
0.00240618157049
0.0
0.0
0.00138103484642
0.00416634293166
0.0
0.00589340422538
0.0
0.0
0.00494122848798
0.00273121410947
0.00625428259495
0.0
0.0
0.0
0.0
0.00260896518126
0.0
0.0
0.00723969949045
0.0
0.0
0.0
0.0
0.0
0.0
0.0
0.00617543078782
0.0
0.0
0.0
0.00753133282363
0.0
0.0054832143639
0.0127803468762
0.0165149338931
0.0152602916117
0.00390047180378
0.00855253033117
0.0
0.0
0.0
0.0
0.0
0.00017431787863
0.0
0.0
0.0
0.0
0.00118636679126
0.0
0.0
0.0
0.00688912563841
0.0
0.00760844967804
0.0121996288764
0.0
0.0
0.00746654518753
0.0
0.0
0.0
0.0
0.0
0.0
0.0
0.002005662109
0.00544020438115
0.0
0.0
0.00612061047029
0.0
0.0
0.0
0.0
0.0
0.0
0.0
0.0
0.0
0.0
0.0
0.0
0.0
0.0
0.00280475184508
0.00937191455845
0.00178553979143
0.0
0.00612618924736
0.000359254734339
0.0
0.0
0.0
0.0
0.000948537276831
0.0
0.0
0.0
0.0
0.00692882142557
0.0113568594646
0.00790917897002
0.00660979939578
0.00702104772134
0.0
0.0056622562751
0.0
0.0
0.0
0.00584522643937
0.0
0.000481142234556
0.0
0.00341687507525
0.0
0.0
0.0
0.00188338215883
0.0
0.0
0.0
0.0
0.0
0.0
0.0
0.0
0.00120932564787
0.0
0.000941581260096
0.0
0.00139716294699
0.0
0.00656700676997
0.00898884775736
0.0
0.0
0.0
0.0
0.00561888830833
0.0120798180357
0.0139293512753
0.0
0.0
0.0
0.00764853938041
0.0
0.0
0.0
0.00744934902726
0.00739812732753
0.0110685660965
0.000560322125171
0.00595498830334
0.0
0.0
0.0
0.0
0.00120568338898
0.00777654257744
0.00687013380017
0.0
0.0
0.0
0.0
0.00293506596345
0.0
0.00712064504378
0.0118757990022
0.0180789860174
0.0214607256657
0.0
0.0
0.00581639931674
0.00525704493261
0.0058210156857
0.0
0.0
0.0
0.00409287645409
0.00694989268779
0.0
0.0
0.0
0.00794745060351
0.0117901000927
0.0
0.0
0.0
0.0
0.00672398293146
0.0
0.0
0.0
0.0
0.0
0.0
0.0
0.0
0.0
0.0
0.00428921745081
0.00710048355889
0.00529571903879
0.0
0.0
0.00740576208522
0.0133395374675
0.0
0.00514372122719
0.00810482652038
0.000421100086811
0.0
0.0
0.00151460412106
0.0
0.00705098584767
0.0145215608203
0.0
0.0
0.0
0.0
0.0
0.00470368809451
0.0
0.0
0.0
0.00535739672451
0.00300320415544
0.0
0.0
0.00445608842571
0.0112418249805
0.0
0.0
0.0
0.0
0.0
0.0039269275523
0.0091982329454
0.0125624770111
0.0
0.0077210679094
0.0
0.0
0.0
0.0
0.00247075105103
0.00912775436087
0.0
0.0
0.00204353521434
0.0
0.00744205786754
0.00671785265062
0.0
0.0
0.0
0.0
0.0
0.00759274606583
0.0
0.0063232825056
3.52058438287e-05
0.0
0.0
0.0
0.0
0.0
0.0
0.0
0.0
0.0
0.000913744178944
0.00586395829494
0.00645216934686
0.0
0.0
0.0
0.0
0.0
0.00344317696086
0.0
0.0
0.0
0.0
0.0
0.0
0.0
0.0
0.0
0.0
0.0
0.0
0.0
0.0
0.0
0.0
0.00352355819038
0.00704575965029
0.0
0.0
0.0
0.0
0.0
0.0
0.0
0.0
0.000176445174163
0.0
0.0
0.0074594283011
0.0
0.00152872573722
0.00874065417193
0.0159765666146
0.0107268001844
0.0170686425287
0.0
0.002334488851
0.0
0.00771459602004
0.0037249849215
0.0
0.0
0.0
0.0066851181643
0.0140642201977
0.0
0.00466060090145
0.00928722584174
0.0151052494057
0.0174934553472
0.012778202862
0.00261458853078
0.0
0.00588566634342
0.0
0.0
0.0
0.0
0.0
0.0
0.0
0.00483686497302
0.0
0.0
0.00112222571925
0.0017470870128
0.0015068584232
0.0
0.0
0.00607113656866
0.0
0.0
0.0
0.00723431373069
0.0114429009157
0.0146234857833
0.00413639884844
0.0
0.0
0.002297933944
0.00876571646393
0.0166636409857
0.0223683530301
0.0178469625822
0.0
0.0
0.0
0.0
0.0
0.0071142607987
0.0
0.00338846260064
0.0
0.0
0.00754042089166
0.0
0.00337892324496
0.00132305671139
0.0
0.00473707970303
0.0
0.000874328031045
0.0
0.0
0.00350913149643
0.00870018545019
0.0120830836605
0.0184977049702
0.00960801384416
0.0105323230051
0.0
0.00544284801699
0.00611392973785
0.0115640121136
0.0193916884588
0.0260116267408
0.0196360099846
0.0249696739748
0.0
0.0
0.0
0.0
0.00752598131258
0.0155108089318
0.0152999066382
0.0117114359535
0.0090153454568
0.0159737343743
0.0
0.0
0.0
0.00568755442813
0.0
0.0
0.0
0.0
0.0
0.00439820470723
0.0
0.0
0.0
0.00038659915028
0.00594900508189
0.0071299828327
0.0131156900816
0.0181771379757
0.0
0.0
0.0
0.0
0.0
0.00236383370748
0.00377841895749
0.0
0.0
0.00220681450656
0.0
0.0
0.0
0.00701969634265
0.0
0.000333509978848
0.0
0.00346664557474
0.0
0.0
0.0
0.0
0.00558454759784
0.00572973574286
0.0
0.00709346135676
0.0
0.000848706014729
0.0
0.0
0.00281547229936
0.00449930901425
0.0
0.00191382284845
0.0
0.0
0.0
0.0
