0
0.0
0.0
0.0
0.0
0.00396476161825
0.0119512723561
0.0163499278205
0.0224326631717
0.0
0.0
0.0
0.0
0.0
0.0
0.00677502695453
0.0146458235296
0.0
0.00133689420275
0.00231135825107
0.0
0.0
0.0
0.0
0.00743753111058
0.0128574799223
0.0
0.0
0.0
0.0
0.00461031292077
0.0
0.0
0.0
0.00719935678847
0.0
0.0
0.0
0.0
0.0
0.0
0.0
0.00332934812848
0.0
0.0
0.0
0.0
0.0
0.0
0.0
0.0
0.000976159583882
0.0
0.0
0.0
0.0
0.0
0.0
0.00614473763164
0.0
0.0
0.0
0.0
0.0
0.0
0.000829701675963
0.0
0.0
0.0
0.0
0.00419840933299
0.0
0.0
0.00585854116422
0.00508582959438
0.0
0.000210665047811
0.00386990529586
0.0
0.0
0.00557388762672
0.0
0.0
0.00791638471396
0.00237056079833
0.000186014401075
0.0
0.00287056307722
0.00622714678455
0.00275876298107
0.00772087643691
0.0128992109107
0.00295798094955
0.0
0.000623438723768
0.0
0.00788639393578
0.00402858406286
0.00761993249296
0.00939538852895
0.0122497182278
0.000580124893057
0.0
0.0
0.0
0.00626854874387
0.00635557946471
0.0
0.0
0.0
0.0
0.00536861054846
0.0
0.00475501534612
0.0104343227981
0.0
0.00201096665976
0.0
0.0
0.0
0.0
0.0
0.0
0.0
0.0
0.0
0.00131593233271
0.0
0.0
0.0042134533363
0.011107488695
0.0
0.0
0.00787337926523
0.0113800434916
0.0187378210604
0.0254150283525
0.0202952029943
0.00995677634081
0.000747568212434
0.00411176237975
0.000452168833607
0.00672919641749
0.0
0.00220316098714
0.00355465901167
0.0
0.007636824286
0.0153919918514
0.0
0.0
0.00769683401507
0.0100553807184
0.0
0.0
0.0
0.0
0.0051008671035
0.00609189692158
0.0
0.000452465444525
0.0
2.14345920009e-05
0.0
0.0
0.0
0.0
0.00386857541871
0.0021610456721
0.0
0.0
0.0
0.00584715214019
0.0117666969893
0.00138544734806
0.00433132639452
0.00638868516188
0.0121880068153
0.00872867943896
0.00663555501122
0.0
0.00091577950243
0.00612958000373
0.0136908918866
0.0136863962721
0.0200387737176
0.0
0.00125075061429
0.0048661690281
0.00295366872315
0.0
0.0
0.0
0.00758022679869
0.010705057509
0.0
0.0
0.0
0.00224713447932
0.0
0.00239783514915
0.00468277320389
0.00479334979705
0.0
0.0
0.0029102689001
0.0
0.00159694037614
0.00421322307064
0.0
0.00581732636316
0.00650436983468
0.0079884422672
0.0
0.00407829879398
0.00910853953102
0.00721589910026
0.00188851994463
0.00418977836926
0.0
0.00667637522308
0.0060513319833
0.00844451603545
0.0
0.0
0.0
0.00719757365964
0.0
0.00610299723177
0.000364783705979
0.0
0.0
0.0
0.0
0.0
0.0
0.0014887161121
0.0
0.0
0.0
0.0
0.0
0.00521941612824
0.00464316593749
0.00662513553948
0.0
0.00653008302914
0.0
0.0
0.0
0.000978137917524
0.0
0.0
0.0
0.0
0.00784648051647
0.0
0.0
0.0
0.0
0.0
0.0
0.0022234595508
0.000326623076431
0.0
0.00788696133047
0.0
0.0
0.0
0.0
0.0
0.00397550640622
0.00980766073563
0.0091774517527
0.0
0.00439659318274
0.0107901266415
0.0142379561077
0.0186205935091
0.0
0.00769510795674
0.0
0.0
0.0
0.00795081311658
0.014787764937
0.0
0.000416049203184
0.00295190925347
0.00761711280817
0.0
0.0
0.0
0.00241062617223
0.0
0.0
0.0
0.0
0.0
0.0
0.0
0.0
0.0
0.0
0.0
0.00442650627543
0.0
0.0
0.0
0.0
0.0
0.00758254882247
0.0100049370333
0.0
0.00104553324941
0.0
0.0
0.00690678110806
0.00611066194442
0.0
0.00495729909788
0.0
0.00133287620975
0.0
0.0
0.0
0.0
0.0
0.00654318982848
0.00268460807435
0.0
0.0
0.0
0.0
0.0
0.0
0.0075248164783
0.0
0.00213139735613
0.0
0.0
0.0
0.00345899427288
0.00173068883486
0.0
0.00796954852353
0.0
0.00723401628727
0.0135090694032
0.0202422086303
0.0269814243545
0.0305946572901
0.0310855488253
0.0183890836546
0.0
0.00131488526769
0.00343203581187
0.0
0.0024028356186
0.0
0.00322149914736
0.0
0.0
0.0
0.0
0.0
0.00647266551894
0.00240492709251
0.0
0.0
0.0
0.0
0.00644572316635
0.0
0.0
0.00496439390187
0.00717821175604
0.0
0.0
0.0
0.00712031475324
0.0128884880255
0.0
0.00101702731506
0.0
0.0
0.00272567373713
0.00316802146708
0.0100678836499
0.0164104299021
0.005365294638
0.00296878222217
0.00254789044014
0.00698730115887
0.0132172645449
0.00568762317468
0.0
0.00016014252748
0.0
0.00389125719143
0.0101159868213
0.0148361428902
0.0104472628701
0.0165673181902
0.0
0.0
0.00728662839129
0.00538496846194
0.00552166619463
0.0109493407826
0.0
0.0
0.0
0.0
0.00131532335242
0.0
0.000846807751604
0.00288240857847
0.00634901920096
0.0
0.0
0.00555374148678
0.0
0.0
0.0
0.00295302185449
0.0
0.0
0.0
0.00498000272875
0.0
0.0
0.00402894819911
0.0
0.0
0.0
0.0
0.0
0.0
0.0
0.00275713678389
0.00742148914498
0.0123510642856
0.00730083757949
0.00986180152378
0.0161534461419
0.0185687826883
0.00374923817746
0.0
0.0
0.00602384446771
0.0
0.0
0.00344781038458
0.0
0.0
0.0
0.0
0.00697312708787
0.0117689019496
0.0105733443007
0.0171785750926
0.0212857313212
0.0232760462427
0.0297994002696
0.0361374338545
0.0372394877259
0.042133763427
0.014231158113
0.0211161161753
0.0263410165641
0.0248948018151
0.0200569493722
0.00181356345646
0.00786731348179
0.0
0.00650737175912
0.0122657944555
0.000720567700293
0.0
0.00293959838927
0.0
0.0
0.00457631284895
0.0123572750509
0.0199734326445
0.026678081232
0.0209814986641
0.012720576984
0.00543910162331
0.0
0.0
0.00458149930727
0.000456851545643
0.0
0.0023911455142
0.0
0.0
0.00315510417473
0.00928722684867
0.0
0.0
0.0
0.000602838214105
0.0
0.0
0.0
0.0
0.0
0.00678200318966
0.0132101373299
0.0
0.00595715224329
0.0
0.00227722572114
0.00696202404042
0.000870501715191
0.00332846167516
0.00290471032812
0.00828903796048
0.00346787946465
0.0106843793397
0.0
0.00248703100482
0.0
0.00621487603371
0.0
0.0
0.00793003704612
0.0146577220373
0.0122187823687
0.0128867205493
0.00967663114268
0.0120996202014
0.00783940079292
0.0116712282668
0.0170709242021
0.0145148329778
0.00229788650096
0.0
0.00788527146469
0.0048526481089
0.0
0.0
0.0
0.0
0.0
0.0
0.00786030624908
0.0
0.0
0.000244894807308
0.0
0.0
0.0
0.0
0.00412902982046
0.0
0.00606496829478
0.00572018986875
0.0
0.0
0.0
0.000653863988854
0.0
0.0
0.0
0.00340521594233
0.0
0.0
0.0
0.0
0.000686587563331
0.00600671173446
0.0
0.0
0.00536056652623
0.00417418535006
0.0
0.00418302068594
0.0
0.0
0.00403491119239
0.0
0.00568795669124
0.0
0.0
