0
0.0
0.0
0.0
0.00752909018587
0.00980859224563
0.0
0.00333222276401
0.0
0.00787705590923
0.0
0.0
0.00696655417857
0.0
0.0
0.0
0.0
0.00295927439432
0.0093213809259
0.00503747616092
0.00366619907241
0.0
0.0
0.0
0.0
0.00172801434402
0.0
0.0
0.00617457287325
0.00750034888847
0.0126566994236
0.00408287672348
0.00663976691261
0.00960415907791
0.0091913299618
0.0
0.0
0.00418793068781
0.00976554709785
0.0110182745802
0.0114878343865
0.0141747073173
0.0
0.00555649348092
0.0
0.00537786776232
0.00731863825443
0.0145654753235
0.0150687498719
0.00741325837695
0.0122416708761
0.0
0.0
0.0
0.00259845107988
0.010406034781
0.00333170764086
0.0
0.0
0.0
0.0
0.0
0.0
0.00520755482429
0.00175062345695
0.0
0.0
0.0
0.00695227231953
0.0
0.0
0.0
0.0046817391822
0.0
0.0
0.0
0.0037761668915
0.00539885612929
0.0
0.0
0.00595227255947
0.0
0.00773670999179
0.00766468310921
0.0
0.00361590281521
0.0
0.00179461637919
0.00593284677676
0.0
0.00639889984625
0.0083446329256
0.0140824466037
0.0138432100787
0.0116802163028
0.00862381701996
0.0160915998317
0.0
0.0
0.0010477180421
0.0
0.00241847389648
0.0
0.0
0.00536382110871
0.0131739138509
0.0194351709136
0.00813922683249
0.00647031981664
0.00380283173147
0.0
0.0
0.0
0.00696642214612
0.0137769883657
0.0216504373781
0.016003846245
0.0124896689634
0.0089682286736
0.0
0.0
0.0
0.00708998458974
0.0
0.0
0.0
0.000169109052471
0.0
0.00676513157779
0.000303038543129
0.00196547923604
0.00678205302087
0.0
0.00168583592918
0.0
0.00525959349371
0.00121950372184
0.00491594675989
0.00978876931897
0.0
0.0
0.00419076162488
0.00461561195416
0.0
0.00632981043666
0.00849542662236
0.0
0.0032005369354
0.0
0.0
0.0
0.0
0.0
0.0
0.00190765271689
0.00616579377543
0.0
0.0
0.0
0.00561746761278
0.0
0.0
0.00363549489959
0.00255442472264
0.00319103666921
0.00369873522549
0.00851961793573
0.0
0.0
0.0
0.0
0.00718992645075
0.000404669679914
0.0
0.0
0.00555344297752
0.011585738256
0.00272618413527
0.0105719710068
0.00770379006071
0.01084172792
0.0150828033773
0.010337660722
0.0
0.000852254952922
0.0
0.0
0.00310930840333
0.0
0.0
0.00462505105708
0.0
0.0
0.0044045347904
0.0
0.0
0.00450992077322
0.0102815549335
0.0
0.0059136723016
0.0126795165049
0.0192776503315
0.0227221309167
0.017769073034
0.0237700991774
0.0225442167621
0.0225297949321
0.0295697215304
0.0262768573222
0.0290652073538
0.032779664781
0.0331754936058
0.0
5.1157765403e-05
0.0
9.50139178881e-05
0.00801098126775
0.0
0.0
0.0
0.0
0.00409671017265
0.0
0.00324311060391
0.00399755771444
0.0112842393028
0.0152258514845
0.0
0.0
0.0
0.0
0.0
0.0
0.00237867664757
0.0
0.0
0.00730442315228
0.00297250208504
0.0
0.0
0.0
0.00250029152312
0.00607264180479
0.00485195195378
0.0121816480166
0.0102616947724
0.0
0.0
0.0
0.00124402923665
0.00488959403652
0.00774895789207
0.0
0.00451049510809
0.000934123900439
0.00464033943198
0.00217616253622
0.0
0.0
0.00739739346544
0.0103803457931
0.0137435095187
0.0
0.0
0.00430730441047
0.00334387126362
0.0
0.0
0.0048114722
0.0
0.00419455197058
0.00380406565814
0.0078022004629
0.0
0.0
0.0
0.00775194998913
0.00920507830558
0.0
0.00589525917631
0.0
0.0
0.0
0.0
0.00796018794463
0.00394470284609
0.00902393971565
0.0
0.00624625440268
0.0132289244807
0.0
0.00432113131666
0.0
0.00434456851774
0.0
0.00438575253822
0.0
0.00410318915041
0.000291585116517
0.00813018570871
0.0
0.00788588730782
0.00593927692795
0.0120737944676
0.0
0.00249282694597
0.0
0.0
0.0
0.0
0.0
0.0
0.00280843253272
0.00815886427078
0.0123205524144
0.0153597142375
0.0209145481451
0.0103486299578
0.0140769660842
0.00264380857704
0.0
0.0
0.00415692397098
0.0
0.0
0.00455480919759
0.00322456270362
0.0
0.00730856072091
0.00966622964749
0.00171248830609
0.00150742825134
0.0
0.0
0.00336631156383
0.00578732257352
0.0
0.00461094040045
0.00415436410234
0.00624624565482
0.0127705038271
0.00609490424529
0.0110727341533
0.0
0.0
0.0
0.00443927876456
0.012345492117
0.0
0.00466607889417
0.0
0.0
0.00770466386208
0.00459515391829
0.0
0.0
0.00580753241013
0.0
0.00278164589817
0.0105300822269
0.00303537227656
0.00163336477978
0.00802936836991
0.00945582189465
0.0146993080431
0.0180270015101
0.0246220729303
0.00701499708757
0.0146508888415
0.0
0.0
3.53819505978e-05
0.0
0.00742324423711
0.00970286816165
0.0153907989933
0.0191772358823
0.0136842093793
0.0211586105825
0.0192271744
0.0
0.0
0.0
0.0
0.0
0.0
0.0067436968796
0.0
0.0
0.00414078684121
0.00673908323437
0.0
0.0
0.0
0.00366601519952
0.0
0.00445844774429
0.0
0.00717883690817
0.010283591968
0.0
0.0
0.0
0.00120801163801
0.00641550691246
0.0127865671552
0.016109143311
0.0139381022067
0.0158275159274
0.0225256425093
0.0229680621654
0.0252148221648
0.0135688166162
0.0
0.0
0.00371602028105
0.0
0.0
0.0
0.0
0.00751774369428
0.00764924968454
0.00803250057333
0.00392858218774
0.00859900611596
0.00147060076949
0.00847576651336
0.0
0.000751871732124
0.000156183617043
0.0
0.0
0.00787906326578
0.0
0.00494519818688
0.0
0.0
0.0
0.00350895463393
0.0
0.00570264496864
0.0126062605741
0.0189068952202
0.0
0.0
0.00689095509159
0.0
0.0
0.0
0.0
0.0
0.0
0.0
0.0043917857609
0.0
0.0
0.00698257693561
0.0149447150447
0.00726734543292
0.0117441591553
0.0
0.0
0.0
0.0
0.0
0.0
0.00628923352322
0.0
0.00639504434436
0.0073258596707
0.0
0.0
0.000105871406627
0.00635950303455
0.0140840024851
0.019342183582
0.0241190940708
0.0
0.0053670634485
0.0
0.00537872902766
0.0122310250965
0.0121925678205
0.0201840073022
0.0207228375549
0.0137827379382
1.55057852149e-05
0.0
0.0
0.0071449398477
0.0147167454193
0.00913573462615
0.0
0.00438844923848
0.0
0.00178603678287
0.00120302427544
0.0
0.00452935588357
0.000666397113573
0.000153376287763
0.0
0.0
0.0
0.0
0.0
0.00760621187598
0.0104139540202
0.00534099551003
0.0108370022615
0.018156780256
0.0135558126996
0.00126541814343
0.00325794169907
0.0105258667043
0.00766882507259
0.00654632067232
0.00117285349495
0.0
0.0
0.0
0.00619968416335
0.01190991562
0.0114246824688
0.00806700690473
0.00209625351653
0.00347051660901
0.00868775724981
0.0
0.000710062352577
0.00783795626036
0.00362203307968
0.0100556691552
0.0
0.0
0.00580512424316
0.00615675633334
0.0031368758497
0.0
0.0
0.000167026367839
0.00261040141913
0.0
0.0061457801886
0.0112358868019
0.01032260307
0.00814848158171
0.0
0.0065709514707
0.0106876929848
0.0170814573044
0.0
0.0
0.0
0.000938136443021
0.00587359574702
0.0133029416089
0.0127781294969
0.0205363073318
0.0272134527728
0.0287673279239
0.0149193481964
0.00512542078685
0.0
0.0
0.0
0.0029631668525
0.0092161754287
0.00795221930646
0.0098379213195
0.0158510678148
0.0214206553528
0.0281599847033
0.024019616521
0.0308893472214
0.034273753659
0.0177497784604
0.0112362481498
0.00763814194926
0.00733098580466
0.0137422187015
0.0178993976664
0.0252769565561
0.0309856367331
0.0
0.00432621910604
0.00396187234593
0.0101337954828
0.0140253545367
0.0081099554415
0.0
0.0
0.0
0.00281825141249
0.00649212209236
0.0
0.00649044996976
0.0123501100793
0.015084573275
0.000983104817674
0.00398125488723
0.0
0.0
0.00227000862167
0.00359054085444
0.000623837313706
0.0
0.0
0.00635435084818
0.0100267723709
0.015354870801
0.02254247394
0.0146589013361
0.0210268766426
0.021259216024
0.0
0.00577673594561
0.00924849915139
0.0159290262997
0.0
0.00722796853698
0.0
0.00745976882018
0.00444305511441
0.0
0.00712929878027
0.000868769765669
0.0
0.00761310079293
0.0
0.0
0.0
0.00687107339342
0.0
0.0
0.0
0.0
0.00665698273058
0.00774668653003
0.0115625975993
0.00750789834775
0.011040914745
0.00742557464799
0.00906341329926
0.0
0.0070032032273
0.0134614620849
0.0
0.0
0.0
0.00739815132025
0.0089159303865
0.0141376500895
0.0176067611438
0.0236062059156
0.0307439448804
0.0
0.0
0.0
0.0
0.0
0.0
0.00348126950598
0.00734441044809
0.0118006014823
0.00842359998754
0.00421302129491
0.00389153321727
0.000398373047057
0.00339730925748
0.0
0.00751190350874
0.000532510496743
0.00194372708734
0.00795679516132
0.00926105186757
0.00892495344345
0.0159861685123
0.0
0.0
0.00667141270436
0.0091512321228
0.00364577733247
0.0
0.00177666679135
0.0
0.00324536038903
0.00947892030648
0.0125949808038
0.0
0.0
0.0
0.0
0.0
0.00480736917088
0.0103823457295
0.0134922927166
0.0186851483482
0.0237347472425
0.0225880089758
0.0223108481908
0.0233536356105
0.0244672713741
0.0263676113267
0.0217929690303
0.027980714474
0.0340156953332
0.0261159292418
0.0246303593627
0.0153833704839
0.016656481257
0.0196819585941
0.0
0.0
0.0
0.0
0.00431228672196
0.00541477385742
0.0
0.00327417936713
0.00177134746424
0.000450846749846
0.0
0.0
0.000285457806639
0.0
0.0
0.00645167389437
0.00707475251812
0.0
0.0
0.00489019187435
0.00830917307983
0.00587784852844
0.0109686775956
0.0
0.00142753067296
0.0
0.0
0.0
0.00174848772012
0.0
0.00225237900119
0.0039263185196
0.0
0.00610644034029
0.0
0.00666478902646
0.0
0.0046853072941
0.0
0.0
0.00533098455087
0.0
0.00453355181063
0.00718878303939
0.00843664712622
0.00905403365151
0.00809329872811
0.0137514621486
