0
0.0
0.0
0.0
0.00337434646408
0.0060984004638
0.0
0.0
0.0061449869794
0.00926374402563
0.0114528153696
0.0132770878477
0.0184809815008
0.0241111606321
0.0301060098381
0.0379677182463
0.0353564068907
0.042702837484
0.02160066626
0.0262394166727
0.019039691428
0.0164678458113
0.0186650163712
0.00866287591297
0.00951714151185
0.0159610168767
0.0193324357983
0.0182299518693
0.0201850640004
0.0
0.0
0.00669490024513
0.0141606045605
0.0155321335574
0.0170575841761
0.020778364138
0.0195748528443
0.0179775439264
0.0
0.00217972231782
0.00719147053675
0.0
0.000571575232886
0.00801734049727
0.0132384496939
0.0
0.00798066898957
0.00185408180301
0.0
0.00660142583528
0.0115347579302
0.0
0.00578654830726
0.00593567597743
0.0
0.00583370585443
0.00453770762665
0.00759410522981
0.014439674406
0.0181775282379
0.0247572732888
0.0273680336217
0.0195442917118
0.0114212402711
0.00272067747254
0.0
0.0
0.0
0.000211447783563
0.0
0.0
0.0
0.00718106003743
0.0
0.005954505644
0.00390655813769
0.00872901630066
0.0129266006416
0.00998556657735
0.0165648264251
0.0
0.0
0.0
0.000166546415252
0.00322662885165
0.00947113474581
0.0
0.0072492631067
0.0
0.0
0.0
0.0
0.00764879489599
0.0
0.00321238747005
0.00537590220352
0.00996281465918
0.00714295511066
0.0113584324133
0.00914344959493
0.000503411400284
0.00645521075606
0.0124189301839
0.0
0.0
0.0
0.0
0.00553285291113
0.0127899028439
0.00473038933118
0.0054367770674
0.00376656332489
0.00788537269329
0.0044984204114
0.0086302419894
0.0164533492435
0.0207244078009
0.0157731310712
0.0174623980921
0.00871510453793
0.0151253229037
0.0196836243064
0.0124842791682
0.0
0.0
0.00251444495238
0.0
0.00659779736554
0.0122453426735
0.0169877666958
0.00882872446529
0.0163614902364
0.00788226230189
0.0130386789805
0.0
0.0
0.0
0.0
0.0
0.00424799692006
0.0
0.0
0.0
0.000686356352003
0.0
0.0
0.000989146466063
0.00826720398073
0.000253857499477
0.00272725305893
0.0101731314277
0.0
0.0
0.006889619932
0.00108552115724
0.00511346865224
0.0
0.0
0.0
0.00556517929245
0.0
0.0
0.00651154475617
0.000895769218088
0.0
0.00405513089342
0.00572543188018
0.0085584788643
0.00149276018092
0.00685924940176
0.0
0.0
0.00479397187907
0.0
0.0
0.00162956746233
0.0
0.00683190134578
0.0
0.00780073795291
0.00739088284772
0.00453407752261
0.0120911101051
0.00429244012657
0.0
0.0
0.00156859197962
0.00725420752422
0.0105880849858
0.0111700713513
0.0029826718531
0.0108667721579
0.0
0.0
0.0
0.00668256768338
0.00941647792734
0.0
0.00432530325205
0.0
0.00498409802333
0.00246822597818
0.00285448324864
0.0
0.00426153958398
0.0105143070603
0.0
0.0
0.0
0.00797505043919
0.00342209051997
0.0
0.00190587084303
0.00564245132218
0.0133330176387
0.0127165510135
0.0143723040296
0.00922742408598
0.00798714932832
0.0156109427275
0.0177704790029
0.0138019171464
0.0104716035016
0.0159505646951
0.0201709537478
0.0262398395514
0.0243025541588
0.0312386087448
0.0382084562995
0.0310963608023
0.0272598034656
0.0130238054741
0.0
0.00628569886698
0.00839949182822
0.0144991697965
0.0204830901583
0.017427278474
0.00500150556517
0.0
0.0
0.00696743693584
0.0
0.0
0.00316880575864
0.0
0.00784898134873
0.010787808395
0.0178657233669
0.0173912161105
0.0230531488749
0.0301916384138
0.0293424552234
0.0369846495624
0.0179763913076
0.00429870552644
0.00607119595525
0.00164061644451
0.0
0.0
0.00350410725596
0.0
0.0
0.0
0.0
0.0
0.00722559214104
0.014176165361
0.00905983962884
0.0146308939669
0.00047849518469
0.0
0.0
0.0
0.0
0.00755971630935
0.0131190063191
0.0145082377562
0.0
0.0
0.00494271232574
0.0116164079308
0.0119656668721
0.0
0.00180480015876
0.0043289250624
0.00220707145291
0.0
0.0
0.0
0.0
0.0
0.0
0.0
0.0
0.0
0.00381094782752
0.01138319266
0.000448614936069
0.00114780413208
0.00510672643969
0.0
0.00520298183559
0.00566381628069
0.0
0.00201913448563
0.0
0.000107765432346
0.00649716788237
0.000229284939
0.0
0.0
0.00672176262172
0.009086582883
0.0
0.0
0.00479950674954
0.0
0.00742510845383
0.0
0.0
0.00627837924202
0.00286460551322
0.0
0.0
0.00643853994568
0.0110479099052
0.0129338124801
0.0187585742265
0.0132251510372
0.00340921313694
0.0
0.00437369591673
0.0121535027691
0.0193431055666
0.0236697717438
0.0
0.00546504450354
0.0
0.00442192193775
0.0101540287249
0.0166073855113
0.0
0.0
0.00399107276431
0.00814745360204
0.00697031828953
0.0129412036576
0.00543602035285
0.00740372144666
0.00336900162486
0.0020780964822
0.0
0.0
0.0
0.0
0.0
0.0
0.000776272636901
0.0055131073558
0.0
0.0
0.0
0.00433743866126
0.0052410081353
0.0107508584746
0.0170279051032
0.024791062838
0.0164223605006
0.00819505572123
0.00950465223018
0.0123831515569
0.00416299744292
0.00288896627716
0.00135478753714
0.00827459352613
0.0
0.0
0.00526543945576
0.0101545717595
0.0
0.0
0.0
0.0
0.0
0.0
0.0
0.0
0.00476678260241
0.0
0.00713126317252
0.00972273402306
0.0106849431711
0.0180593630884
0.0181182691636
0.0208949543936
0.00734336170372
0.00413931157976
0.0
0.0
0.0
0.00345630822309
0.00412661906539
0.00289907913754
0.0
0.0
0.00305282331727
0.0108021984866
0.00819243148858
0.0
0.00222042419705
0.0
0.0
0.0050061031047
0.0036756388908
0.0104277265484
0.01663464271
0.0109782938247
0.00155258631059
0.0
0.0047464317937
0.00941461020766
0.0
0.00456453476259
0.0
0.000657855049009
0.00638870655145
0.0129107586736
0.0
0.0
0.00326194298862
0.00786049956512
0.0122852328946
0.0
0.00548357536107
0.000565487477047
0.0
0.0
0.0
0.00328281837291
0.00319829268651
0.0
0.00532518712299
0.0127628659344
0.0
0.0
0.00647224341016
0.00822735121055
0.00130126167383
0.00823511133726
0.0130336411077
0.0127139569728
0.0
0.00380523586069
0.0
0.00559101281199
0.00411835917744
0.0102794263733
0.0177324589534
0.0157061891056
0.0207687465489
0.0177139200553
0.0
0.0
0.00419177476227
0.0118508103187
0.00995973507432
0.00361945486837
0.00197102743307
0.0
0.0
0.00556350826173
0.0123810100956
0.00430565938148
0.0
0.0
0.00420949197841
0.0
0.00342680281345
0.0
0.00550458826454
0.0130835252689
0.0166132953603
0.0239113157588
0.0110213498111
0.00863036691129
0.00921059579824
0.012835037934
0.0173388026876
0.00622716960719
0.0
0.00201843783278
0.00555891428079
0.0045577726077
0.0
0.00451545883158
0.00672401041796
0.00965348873589
0.0127157859576
0.0187624334362
0.00303916272419
0.0
0.00135006384493
0.00136543385886
0.00351933382944
0.00194844677211
0.00741238573784
0.014800848463
0.0209270551174
0.0
0.0
0.00552055211154
0.00509741978143
0.00880967046864
0.0
0.00756080389136
0.0139530932655
0.0194704273471
0.00413831216324
0.00693969238164
0.0136357574785
0.0201911535639
0.0246872943561
0.0
0.0
0.00447309348932
0.00518714841507
0.000876924413721
0.0
0.0
0.0
0.0
0.0
0.0
0.00401216884618
0.0
0.00387701420346
0.011531056008
0.0139347536046
0.0170776254464
0.0236187236609
0.00722121188096
0.0
0.000824999718827
0.008274663635
0.0
0.0077643331926
0.0
0.00371174134859
0.0113073334567
0.0127145768387
0.0187463824353
0.0176534013002
0.0174960658318
0.0202902720988
0.0
0.0
0.0
0.0
0.00353660878317
0.0
0.00421470839994
0.0
0.00236267837594
0.0
0.00730204700859
0.0100498242828
0.0
0.0
0.0
0.00337461404025
0.00219067444959
0.00761924795635
0.0101620242676
0.0145721270649
0.0022337441591
0.00234026222044
0.0
0.00405994693749
0.0
0.0
0.00542225607938
0.0102763689697
0.00626753738533
0.0117304021884
0.00843011597356
0.0109043879602
0.0
0.0
0.0
0.00616058245903
0.00956194703775
0.016150299907
0.00866028177985
0.0156043644064
0.0
0.00544849348805
0.000524816687213
0.00146435977565
0.0
0.0
0.0
0.0
0.00350529511943
0.00609335467051
0.0
0.00726349701177
0.0011240644886
0.0
0.0
0.0
0.0
0.00704666681773
0.0080456369204
0.00693192122597
0.0
0.00629639463362
0.00868550992397
0.0112347508901
0.00615113144991
0.0
0.00292506550646
0.00346907179701
0.0
0.0
0.0
0.0
0.0
0.00242223632382
0.00387110535473
0.00322860765219
0.0
0.0
0.00763134195155
0.0132411257722
0.0
0.00729186373047
0.013266094049
0.0202054218111
0.0
0.0
0.00661197566181
0.0
0.00689432338849
0.0107654781997
0.0102245620079
0.00430153212779
0.0
0.0
0.000201417981463
0.0
0.0
0.00785051910071
0.00971635735636
0.0
0.00757291991993
0.0
0.00508376559713
0.0
0.0
0.00641414189832
0.0118372672978
0.0069740085596
0.0109594726542
0.010159838877
0.0179965157213
0.0
0.00588276678103
0.00961088726528
0.0
0.0
0.00750828116517
0.0
0.00771464088206
0.0063468014408
0.00244536891808
0.00844836632894
0.00178735991732
0.00106803675672
0.00236367272322
0.0083741420042
0.0
0.0
0.0
0.00431303185969
0.00570007796318
0.000933869154981
0.0
0.0
2.98347562602e-05
0.0
0.00413315335793
0.0
0.0
0.0
0.00389497662099
0.00819723400576
0.00907360382555
0.00843408134935
0.0157112569284
0.0117589908075
0.0184639419936
0.0145604231584
0.0057093938245
0.0
0.00529021495851
0.0
0.0
0.00532678623941
0.0
0.0
0.0029556308346
0.00164796507351
0.00853328505472
0.0119954756071
0.00103768285413
0.00374809269472
0.0
0.0
0.00213756485053
0.0
0.0
0.00450707764203
0.0
0.00548232251926
0.0
0.0
0.0
0.0
0.0025714724521
0.00614699459172
0.0110804281559
0.0129678625027
0.00884032754153
0.0
0.00567392995844
0.0116362379511
0.0112915460462
0.00994871972302
0.0
0.0
0.00436978527396
0.00824800260761
0.0
0.00414506415505
0.00756440657086
0.0139214782141
0.0192988599281
0.020883596358
0.00978681256077
0.00601311725951
0.00179072513559
0.00212422732996
0.0
0.000553439846325
0.00325250141384
0.00923012443996
0.0112369587738
0.00298725079133
0.0
0.00542153857328
0.0
0.0
0.0
0.00740837784458
0.0112508484844
0.0
0.0
0.00586747866266
0.00815530202995
0.00729065149204
0.00290303249296
0.0
0.0
0.0
0.00663817996249
0.0
0.00155315868657
0.00839493267982
0.00159424632628
0.0
0.0
0.0
0.0
0.00346292870592
0.0
0.00658701620586
0.00149115252124
0.0
0.00634647054621
0.00906691470339
0.00579754002648
0.0117591245909
0.0114414154835
0.00891527258249
0.0134708960204
0.00588153764662
0.00639005169234
0.0130617864211
0.0126416070121
0.0201671285532
0.0
0.00718377562893
0.0
0.0
0.00743776919725
0.000486703713545
0.00127436084081
0.000520369385507
0.00290030810629
0.00943236565135
0.00187554427834
0.00669074499578
0.0072740634864
0.0
0.0
0.0
0.00627220622006
0.0023043937096
0.0
0.0
0.00647032751437
0.0120079590432
0.0151706504788
0.0130883419205
0.00949311909511
0.0107498265465
0.00666727581836
0.0
0.00186896841331
0.00661171295276
0.0145199919494
0.0170357158826
0.0
0.00516761177589
0.0111909308063
0.00290077840193
0.0
0.0
0.0041658051267
0.0
0.00720890540759
0.0104302086478
0.0152840931375
0.0222054128221
0.0117236171639
0.0196830185465
0.0180858605738
