0
0.0
0.000678232703047
0.0
0.00213838014017
0.0100209162939
0.0155481413451
0.0225732038967
0.01188677376
0.00583771011764
0.0
0.00163528326305
0.00793782097315
0.0156615988552
0.00710349670017
0.00288590748584
0.0
0.0
0.0
0.00411935462675
0.0109569177251
0.0119303123127
0.0164976178719
0.0164966148971
0.01418298692
0.00692568405018
0.0
0.0
0.000893462887683
0.000817227623664
0.00610529341729
0.0
0.0
0.00601608264683
0.0
0.0050787268069
0.00190048944926
0.0
0.00266603345167
0.0
0.00235712595525
0.0
0.0
0.00260834274823
0.00300648264375
0.00169347552374
0.00744295603713
0.0031335032546
0.0
0.0
0.000863916838583
0.0
0.0
0.0
0.00483939933436
0.0
0.00602480483918
0.0103847130968
0.0146886385595
0.00768020942741
0.0
0.00785646474815
0.00891324309159
0.0119633892074
0.0162604400759
0.008175201615
0.00823791523515
0.0012337040714
0.00133831995044
0.00276459821494
0.00463819233789
0.0
0.0
0.00649749412566
0.0
0.00766770200628
0.0152835361525
0.00304006455109
0.0050019156405
0.0129112375706
0.0189024333373
0.0243165384416
0.0218493615596
0.0261151890136
0.0304255513845
0.0170804244422
0.0175963946052
0.0
0.00488823679191
0.00770536494422
0.0149250989013
0.00541557659172
0.0131068792622
0.00933978886253
0.0
0.0
0.000684504689976
0.0
0.0061321631363
0.0
0.00531205209739
0.0
0.00689876413834
0.00973386740036
0.00219159763187
0.00684924627873
0.013068816933
0.0107453412701
0.00953607236108
0.011599625674
0.0
0.0
0.0
0.00788913721709
0.0150552240119
0.0189855345125
0.0178130872311
0.0235941128078
0.0227576096684
0.023168127015
0.0307586772768
0.0348263661361
0.0351348874145
0.0341112540104
0.0
0.00162045970356
0.0
0.00569587015415
0.0130127620997
0.00790963529735
0.0144612224348
0.0057545736485
0.000820972504773
0.00721051592244
0.00516822619183
0.0109719804785
0.0
0.00348055597238
0.0
0.00222776366304
0.00547548658758
0.00481841697096
0.0118877388974
0.0131155329203
0.0
0.0026319016965
0.0
0.00292342327944
0.00641398862652
0.00778906248132
0.0157057030517
0.00226572776498
0.00442155559105
0.0050310916217
0.00691356664894
0.0138037483569
0.0
0.00165175435019
0.00521094060827
0.010304737835
0.0133599669488
0.0189069458676
0.0219722001713
0.0292490121373
0.0281389372097
0.00595402012909
0.00771617441021
0.002631880914
0.00383943800233
0.00926704595933
0.0
0.00507152538718
0.0
0.0
0.0
0.0
0.0073776842262
0.0141221458509
0.0180832024362
0.0229415118699
0.0288560092984
0.0271770715985
0.0342759568162
0.0234384594779
0.0221691811669
0.0289061417589
0.0346478559495
0.0396288058671
0.0457230771339
0.0355310916874
0.0393928937632
0.0265317658515
0.0295689909514
0.0301528409854
0.0327629406713
0.0338199956527
0.0
0.00366919479555
0.000136341703467
0.00253166425925
0.0
0.0
0.0025405314771
0.00507477972771
0.00208074423145
0.0083421678374
0.00843277529666
0.00493548993422
0.00802382786707
0.00971531889339
0.0160267950454
0.0229679321963
0.0233206095314
0.0254039715293
0.0313906346511
0.0299917010164
0.0353749962177
0.0146986299552
0.00766848624376
0.00795149045536
0.0117578269699
0.0119124859612
0.011395949805
0.01693303263
0.0224411791984
0.0
0.00215519648183
0.0
0.00502423680798
0.0
0.00636811895731
0.00787542825608
0.0134526131312
0.0
0.00561517980058
0.0131472271207
0.0162374509351
0.00725537477179
0.0
0.0
0.0
0.0
0.0
0.00494305833304
0.0
0.0
0.0063842476094
0.0121188014305
0.00430107263855
0.00950508367911
0.0148697356107
0.0164839742866
0.0
0.000610638392627
0.00820878842155
0.0105968918715
0.0
0.00727821651911
0.00765284260928
0.00150139057354
0.00683893861484
0.0126715060841
0.00174567718416
0.0
0.00708793260668
0.00625289286342
0.00617319043522
0.0
0.00470812430631
0.00025564454133
0.0
0.0
0.000736272042622
0.00521769454362
0.0107233252606
0.0163311390426
0.0
0.0
0.0
0.0
0.00240403104532
0.00755873829702
0.00990765614615
0.0165396987788
0.0141141953785
0.0143941179197
0.0209622604988
0.0255676228949
0.0254388041704
0.00772766585199
0.00749746591648
0.0
0.000574828278599
0.00536767390888
0.00519431794889
0.000644321195153
0.0
0.0
0.000804821170012
0.00105643472722
0.0
0.0
0.000770783518017
0.00590040591667
0.00738160461045
0.0125244317175
0.0060603659067
0.0108464345906
0.0062882964938
0.00796542120861
0.0108996596739
0.0
0.00436112765796
0.00622826309165
0.00510800944742
0.00969981296722
0.0115259981422
0.0165354692217
0.0235922069073
0.0256273736915
0.0133856471352
0.0178635376673
0.0204129780825
0.0133282102611
0.00816143708731
0.0116872697558
0.0115563545273
0.0
0.0
0.00599099272535
0.00653615791706
0.0
0.0
0.00483065455908
0.0
0.0065779400106
0.0141979885094
0.0012123549899
0.00650042303798
0.0
0.0
0.000590656585283
0.0
0.00619169063909
0.00599175496683
0.0125230042669
0.00694282641544
0.00734600236763
0.0122713023885
0.00895069865754
0.0127369851211
0.0075309381544
0.014967607087
0.02206900177
0.0284750011748
0.0336101007475
0.0405478020059
0.0463451917959
0.0376606770178
0.0360620111502
0.0333156746737
0.0366835671908
0.0218749977592
0.0
0.00112329249493
0.00836833084578
0.0103861533168
0.00921169939287
0.0
0.0
0.00217954441783
0.00442781549964
0.00655801479359
0.0
0.0
0.00104478316883
0.00616421214861
0.00986995435547
0.0171159636117
0.0
7.27536584613e-05
0.0
0.0
0.000189211290963
0.00525730889395
0.00503819412565
0.0
0.00684366015319
0.0
0.00792660245328
0.0
0.000918970178119
0.00765913092551
0.0
0.00763230279724
0.00512301851111
0.00633384376061
0.00416558152523
0.0
0.0
0.00627569393258
0.00631841818893
0.0118909326033
0.0108797945654
0.0126320329311
0.0176507640611
0.013078275384
0.0199231878576
0.025202854997
0.0316837946569
0.0122661440368
0.0157443821537
0.0109288095766
0.0163285345124
0.0181440128958
0.0139944540555
0.00539503872053
0.00037076607533
0.0029354001478
0.0
0.00689244518542
0.0147400879119
0.0226920108944
0.0268319553284
0.0194396453343
0.0179666832688
0.0236201295605
0.0152900975847
0.012709877578
0.0051029523029
0.00533306502649
0.0
0.00222611733207
0.00875396059982
0.0142365271211
0.00994908551886
0.0116586055754
0.001462156711
0.000607636684761
0.00564378413841
0.00398428098063
0.0054249701785
0.00877143929623
0.0129472355588
0.0156504272344
0.0226736176334
0.0303935429109
0.0353824154878
0.0292484312514
0.0369745885064
0.0254525729624
0.029199301052
0.0222031783757
0.0291412415895
0.0215882009791
0.00366582797619
0.0
0.00511161483302
0.0
0.00691536210461
0.0
0.00101906110851
0.00476076393497
0.00030285227276
0.0068912969175
0.013399460043
0.018150890199
0.0231497091979
0.0295320552001
0.0372445447875
0.0261331625845
0.0164936032673
0.0220681572575
0.0
0.0
0.0022968128765
0.00365320133985
0.0106360833724
0.0
0.00585977131888
0.0
0.0
0.00497182974323
0.0119446324729
0.0145116165737
0.00171829145043
0.00663028262275
0.0111885541626
0.0107875414018
0.0156323427925
0.0171703856194
0.0188457643966
0.0102210542879
0.0109399502991
0.0142957345933
0.0
0.0
0.0
0.00683196479923
0.0145804200548
0.0
0.00282976822145
0.00688037499811
0.0
0.0
0.0
0.00173874088093
0.00785415165801
0.00365582127757
0.0
0.0
0.0
0.00149988349171
0.00841285186941
0.0
0.00627754674133
0.0055968016644
0.0135259186851
0.0189789031027
0.0234917160797
0.0204622852429
0.0213896787075
0.0178436415678
0.0130008508996
0.00968484795535
0.0169309175476
0.0244893061424
0.0143361951371
0.0221225609982
0.0225407761972
0.0302108619556
0.017906952484
0.0144486438999
0.0
0.00184247748718
0.00803573089963
0.0150639801114
0.00553642363478
0.00708314806731
0.0
0.00156175707824
0.0
0.00130941593419
0.00838679513626
0.00449478690688
0.0102102244465
0.0125556662215
0.014745753737
0.021294866641
0.0127117175907
0.01316096227
0.0165051160441
0.00843910685437
0.0056019638531
0.0120080604043
0.0
0.001406055201
0.0
0.0
0.0
0.0
0.0
0.00469841254251
0.00867552140321
0.0133700746113
0.0211486355555
0.0188673779786
0.0225263547789
0.0280468197502
0.0247852000997
0.0177875994571
0.0245504778857
0.0265576092481
0.0288075383227
0.0272282144806
0.0222924373436
0.0206884585781
0.0280369734037
0.0270575707244
0.028068707135
0.0358029206951
0.0382740327709
0.0292770429306
0.0240284659439
0.0305958371773
0.0294484562677
0.0332837924439
0.02089549451
0.0275758224379
0.0333859002341
0.0299744910582
0.0362200672165
0.0
0.00344327525853
0.0
0.00764911689981
0.0124472481806
0.0
0.0
0.00405271243639
0.0120006195947
0.0
0.0
0.0
0.00372684708284
0.0107263159132
0.0
0.00627176586675
0.0137719850472
0.0153148768594
0.0102545986963
0.0112016218
0.0189447696773
0.0248295103833
0.0324802788176
0.0366924664368
0.0304959722636
0.0322152166993
0.0285786524393
0.0216923975473
0.015730323503
0.0
0.00547331476038
0.00652974517109
0.00332807420424
0.00767121617894
0.0145047519171
0.00885700374913
0.00913696710137
0.0158731061014
0.0236620043688
0.0261121083069
0.00658860448484
0.0
0.00531882828673
0.00145474646266
0.0
0.0
0.00339139315409
0.0
0.0
0.00799827242712
0.011067378028
0.0169649903767
0.0189574797238
0.0211591442358
0.00696597134885
0.00908539537738
0.00789509954584
0.00143942438725
0.00482214218745
0.0
0.00593142619559
0.00577370749015
0.00333332714155
0.00951926267381
0.0105228035243
0.0
0.00652572464385
0.00930205632414
0.00745650553975
0.0122972953857
0.0
0.00100134176134
0.00168905854015
0.00271003072548
0.0084537265771
0.0
0.00446117094938
0.00315209431121
0.00759634570993
0.00988812554716
0.0165831389905
0.0
0.00333537465132
0.00739478166807
0.00531418855966
0.0121321049304
0.0186602052731
0.0205313202435
0.0259493094313
0.0102423075972
0.0
0.0
0.0
0.0
0.0
0.0
0.0
0.0
0.0
0.0
0.0
0.00071554809737
0.0029642833716
0.00767956990318
0.0
0.0018672250376
0.0
0.00593679565508
0.0
0.00354113450252
0.00957592571038
0.0
0.0
0.0
0.0
0.00335807230841
0.010465387448
0.0148037258944
0.0107492776056
0.00896440563356
0.0
0.0
0.00780015169591
0.0148499266117
0.0130205566185
0.0168479594282
0.0185922623705
0.0129094578733
0.0197725143301
0.00365577091724
0.000677817396135
0.0
0.0
0.00312272363714
0.0080326344264
0.00389312380303
0.0
0.0
0.00597390912235
0.0068470514613
0.0062010378462
0.0114702974112
0.0
0.0
0.0
0.00181223845378
0.00882248785204
0.000820732837779
0.00485303322715
0.0
0.0055453158389
0.000691613702773
0.00107637349684
0.00307879324987
0.0103742773671
0.0119386895403
0.016449634261
0.0128796750371
0.00626434164552
0.00125709232578
0.00473619389573
0.0124715975738
0.018571123765
0.0
0.0
0.0
0.0
0.0
0.00594079656102
0.00649429527053
0.0129066854439
0.017316430823
0.0226903848927
0.0155552105635
0.015439858858
0.0113070429419
0.017773947065
0.0178205116619
0.0222274679303
0.0263858548211
0.0208470845293
0.0
0.00146050303602
0.00889383249798
0.00519723615493
0.00401425823674
0.00844189043551
0.0150109649291
0.0217203458337
0.0265823665879
0.0287991792867
0.0361071709343
0.0424874737626
0.0246152026608
0.0218214826021
0.0268036710546
0.0308966216384
0.0317759498297
0.0386863341758
0.046003468631
0.053240796062
0.0594419319775
0.0665444747888
0.0667717831603
0.0739378342539
0.0741372084549
0.0717934475112
0.0762158710375
0.0758209534744
0.0837238565222
0.0796818667854
0.0774425694172
0.0845104543666
0.092066132161
0.0963067135962
0.100503181524
0.103728685903
0.0912547190598
0.0942988797485
0.0695144302074
0.0675445503771
0.0748426213092
0.0729237019696
0.0804600598094
0.0771628816505
0.0850210770093
0.068372182897
0.0634330168232
0.0513278402074
0.0493087516364
0.0489996205698
0.055588463476
0.0269246713058
0.0341504455147
0.0417388433449
0.036844936037
0.035711005552
0.0387249009595
0.0260012606426
0.0303747768998
0.0326626143752
0.0294414042621
0.033284145023
0.0316953425854
0.0295942761432
0.0205362786231
0.0232771289013
0.0229640233541
0.0301779945037
0.0346891415342
0.0397541815462
0.0370806718356
0.0449473943069
0.0205961779612
0.0236150871891
0.0259450484621
0.032609393273
0.0263801246842
0.0285484144
0.0362408680691
0.00284430593495
0.0
0.0
0.0
0.0
0.00124555901705
0.0
0.0
0.000227070090544
0.0
0.00682178424404
0.0134276397975
0.0197650952184
0.018826666073
0.0
0.00246667397604
0.0
0.00100198554823
0.0
0.00656978633688
0.0126987936218
0.0151665926725
0.0213758624774
0.0161970927908
0.0169568692723
0.0193385175592
0.0172591264943
0.0235960943663
0.0245709000224
0.0303966974569
0.0346641611921
0.025656630759
0.0307279302799
0.0329519154552
0.0408524025124
0.040815724127
0.0350023388151
0.0390795592374
0.045101274723
0.0373051864048
0.0434731033317
0.0441529475545
0.0447969882115
0.0485025144551
0.0385699832667
0.0394855703456
0.0311483502269
0.0313390799701
0.0331209438472
0.0396878466967
0.0464785819053
0.0447746362412
0.0372613276819
0.0411476418103
0.0337149355045
0.0393318554718
0.0235722218916
0.0258101687535
0.0337849023094
0.0377285921631
0.0356106352387
0.0400465969784
0.0468375092227
0.0500722111162
0.0527645575203
0.0449438696838
0.0520397064546
0.0586684302912
0.0611334307289
0.0505506926481
0.05034484927
0.0559437129532
0.0620280637455
0.0663744181552
0.0730024231674
0.0751946441266
0.0587410472386
0.0485781926812
0.051704688016
0.0506925504905
0.0525895588575
0.0550870130528
0.0618933248522
0.0562525713161
0.048379381401
0.0538024320162
0.0454374804629
0.0416293333019
0.0440343783847
0.0212664486886
0.0277438450433
0.00537369444745
0.0
0.0
0.00321245978665
0.00935807462927
0.0070310127789
0.0
0.0
0.00509121877865
0.0
0.0
0.0
0.00721810948608
0.0142524237572
0.0179830645788
0.0131973044754
0.00975207502853
0.0141212677607
0.019955990194
0.0206348806653
0.0276342123743
0.0211260933094
0.0174189871407
0.0244418004128
0.00358467869315
0.0
0.00277193527405
0.00229678291907
0.00673307410379
0.000320906276333
0.0
0.0
0.0
0.0
0.00625405007123
0.0125343039855
0.014023655067
0.0186501481372
0.00496858071834
0.0
0.0
0.00553760399541
0.0116739128791
0.017112568073
0.0
0.0
0.00619908121068
0.0104813021382
0.00980695568495
0.00189662471796
0.00774592871112
0.0
0.0
0.0
0.00378078562649
0.0
0.00752389315215
0.0154491025656
0.0161717435197
0.0191246581504
0.0234702310096
0.0178012385506
0.0249242766911
0.0160719366809
0.00315666736377
0.0
0.0
0.0
0.00433074089185
0.00125038340803
0.0
0.00177800326772
0.0020799727458
0.0
0.0
0.00758049501251
0.0142028150017
0.0112528319627
0.0178517172315
0.024856060455
0
0.000811404005969
0.00328515464968
0.00541542661963
0.00836060512702
0.0106151228762
0.0102869769466
0.0176230341453
0.0209299017521
0.0197676451644
0.0225958505436
0.0254701291331
0.0309136096277
0.0217206415703
0.0279390169186
0.018699367721
0.0261886145313
0.030657297788
0.0324466180092
0.0283607782126
0.0286142546428
0.0316588236586
0.038996860657
0.0466485118471
0.0473318304099
0.0539349295173
0.0586865896114
0.0663498005493
0.0568766445481
0.0556681109256
0.0536969211637
0.0399823425158
0.0386246209261
0.0440414075854
0.0471790162538
0.0499895869273
0.0516745887174
0.0452735395991
0.041699478559
0.0401183422381
0.0462316214533
0.0515442917688
0.0586559199782
0.0532044166322
0.046714176323
0.0462194276784
0.0538991726929
0.035949719606
0.0391061153648
0.0335489340215
0.0358829740386
0.0377442837658
0.0278533345582
0.0314010770196
0.0368190375272
0.0433812872173
0.036076367512
0.040778364235
0.0185684591394
0.0
0.00471347983812
0.0108508275629
0.0148989970193
0.021563311996
0.0281457421102
0.0194961183034
0.0272003703425
0.0313894589355
0.0226093834405
0.0257878377165
0.0328374033169
0.0192188931651
0.0230126058189
0.0261321276483
0.0312284420701
0.0377920342973
0.0399567201112
0.0153427265615
0.0168362075206
0.021612183776
0.0269622331097
0.0329839239031
0.0358531596111
0.0402932944901
0.0367796196663
0.0329633232956
0.0220499078457
0.0251385430031
0.0156480779573
0.0152683812111
0.0219253131108
0.0274111678453
0.01917710482
0.0232623068646
0.0184290042144
0.0057915531387
0.0084602057538
0.016367424617
0.0
0.00666981928242
0.0
0.000189987235286
0.00079995957585
0.0
0.0
0.000819346654569
0.0
0.0
0.00594930840764
0.0
0.0
0.00223361551109
0.0
0.00411110415479
0.00367973851289
0.0
0.00540042452118
0.00778518179339
0.00944365708253
0.00828019838997
0.0144409010476
0.0200980350873
0.0166616075919
0.0145686272468
0.00380746983368
0.0
0.0
0.0
0.0
0.00656160523017
0.00990998509248
0.0
0.0
0.00218909146189
0.00871240049554
0.0
0.00551528237741
0.0
0.00680935877423
0.0
0.000485741421335
0.0
0.00469749600434
0.0
0.0
0.0
0.00425516040554
0.0
0.00414548266846
0.00817078994855
0.0126449067769
0.0122660252794
0.00425540554333
0.0
0.0
0.00285432373686
0.00997209023356
0.0144196437065
0.00181347977409
0.0
0.000571994718648
0.0
0.0
0.0
0.0
0.0
0.0
0.00765372866003
0.0134743395564
0.00884574141014
0.0128447611768
0.0175563539014
0.0150614410813
0.0150974495567
0.0123367103561
0.0
0.0
0.0
0.00254941831933
0.00628356613731
0.0
0.00762097078265
0.0106352193132
0.0
0.0
0.0
0.0
0.00649367357763
0.00729765474238
0.0150620104056
0.012092242233
0.0
0.00477142047887
0.0116409123214
0.0110966287611
0.0082528584179
0.0140524508607
0.0218799265872
0.0206470154208
0.0221956055686
0.0276873875189
0.0354124881492
0.038104259458
0.0182485254784
0.0128530992583
0.00210104112754
0.0096594458021
0.0140559402298
0.0138101028756
0.00717011175548
0.012762378218
0.00733035987674
0.0091764251577
0.0
0.00635709534942
0.0
0.00401594757049
0.0
0.0
0.0
0.0
0.0
0.0
0.00611171139737
0.0135114974671
0.0145166283694
0.0189419743026
0.0117775812565
0.0116253723069
0.0
0.0
0.00736524846269
0.00412653441195
0.00869767435427
0.00921590078439
0.0027983429167
0.00550199182937
0.0
0.00358664562862
0.0
0.00524733120132
0.0108921913956
0.0169398775639
0.0157326361159
0.0140266361532
0.00647398837549
0.00618916832943
0.00349595918016
0.00535086234645
0.00524525691759
0.0124118766907
0.0195633734891
0.00322807847214
0.0
0.0
0.00728438819821
0.0118641861416
0.0189532836695
0.011625243432
0.0
0.0
0.0
0.0
0.0
0.0
0.00613464100537
0.0122096384924
0.00273592714663
0.00334738572709
0.0
0.00371944106354
0.0108220768223
0.0128767302526
0.0192486824982
0.0175437746437
0.0254239953116
0.0320038852189
0.032124143523
0.027246302658
0.0341999712644
0.0182180514825
0.0181185404262
0.023935901178
0.00776070401869
0.0
0.00511788037494
0.00304663245643
0.0077654814548
0.0112486754776
0.0167763115147
0.0219266058364
0.0
0.0
0.00774193251064
0.00244351316729
0.0
0.00433170953731
0.0099206957094
0.0058982357017
0.0
0.00303837876889
0.00809093744401
0.0118520843809
0.0
0.00462360907862
0.00961197685124
0.0169725733188
0.0141380022369
0.00731227222855
0.00471952499494
0.0109082491598
0.0
0.0
0.00708917378794
0.00714284514917
0.0138298533353
0.018859533834
0.0183333612112
0.0
0.000323097766357
0.0
0.00241922108717
0.0103191906422
0.0
0.0
0.00183298191723
0.0054536500703
0.0118545012809
0.0137292523177
0.0151935304607
0.0
0.0
0.00477028610213
0.00137422972143
0.00821479266768
0.00896002390987
0.0127544374492
0.0153828750893
0.0149596307528
0.0216246583603
0.0213681715924
0.0220493621674
0.0235951205253
0.0149662911167
0.0191643639557
0.025750352969
0.0109531127329
0.0126906720744
0.0158886132792
0.00114125758556
0.0
0.00690590532745
0.0109387000666
0.0
0.0
0.0
0.0
0.0
0.0
0.00528081079138
0.0
0.0076261136409
0.00622882048993
0.00723277801181
0.00201231939693
0.0
0.0
0.00380735255362
0.00397553115747
0.00824789654122
0.00514685044953
0.0
0.00685678548847
0.011624148038
0.000207132510229
0.0
0.0
0.00258825544733
0.0
0.0
0.00119671044908
0.0
0.00370309504195
0.0112037821342
0.0
0.0061684649288
0.0
0.0
0.0
0.0059478763599
0.00675200859353
0.0132114660778
0.0130622899696
0.0166176054196
0.0149099812017
0.00165361554579
0.00716154278729
0.014671785287
0.0
0.0
0.0
0.00152895013403
0.00649812062792
0.0139967543727
0.0187471123603
0.0168441573069
0.0235498097449
0.0287385614506
0.0148697417017
0.0171515521479
0.0206647317302
0.0262661306681
0.0306086306677
0.0284772269414
0.0279474968311
0.0272274671876
0.0344476712802
0.0361099597186
0.0315367481509
0.0369183939882
0.0366767797115
0.0423384537465
0.0488192191747
0.0153143981171
0.0200150505881
0.0188748456658
0.0256185084981
0.0107004163869
0.0172200976533
0.0150637693097
0.0208234926176
0.0
0.0
0.000877274543434
0.0
0.00135381318634
0.0
0.00661316495176
0.00241346547751
0.00709824876609
0.0122301201867
0.0165458573764
0.0232266168364
0.0151199163857
0.000606438873698
0.0
0.0
0.00424359244066
0.0
0.0
0.0058193064447
0.0135776275336
0.0
0.0
0.00766338903223
0.0132750918352
0.0180048201252
0.010480681491
0.0172168660381
0.0139437659096
0.00584154493145
0.00893372394951
0.00392696891371
0.00282273051825
0.0
0.0
0.0
0.00650100437951
0.0092720555468
0.014750338621
0.0103075805479
0.0
0.0050381753429
0.00839625717213
0.0102646405586
0.000152459421304
0.00742122161185
0.0121512045718
0.0
0.0077296906992
0.0
0.0
0.0
0.00637896760409
0.0131964503457
0.0
0.00300877675998
0.00208517222289
0.0
0.0
0.0
0.00423654881646
0.0104087278669
0.0
0.00754356619322
0.00829360503549
0.0
0.00529487295166
0.0120244917779
0.0147291519503
0.0210017873748
0.0246134569324
0.0320354356805
0.0371737765814
0.0308897575652
0.0384746162357
0.037510287202
0.0436703681282
0.0464336205029
0.0452724085066
0.0511365853856
0.0485330607305
0.044203827508
0.0476678167454
0.0480544495765
0.0541286186668
0.0590397258076
0.0626679417523
0.0567184201684
0.0508453276232
0.058335565355
0.0413528499272
0.0427055344612
0.0464245115278
0.049039588572
0.044507999786
0.0333597707543
0.039384325604
0.0389384199785
0.028974976755
0.0281659374235
0.0252421753898
0.0297268794307
0.0359203740644
0.0349702613508
0.0375967342655
0.0323139905417
0.0344705078857
0.0398586360885
0.0158027048606
0.0113824424096
0.0
0.00206498289521
0.00427253857539
0.00530052972662
0.00664251707536
0.0106102119194
0.0
0.00612501744354
0.00853829258533
0.00975450170063
0.0111089166887
0.017000499835
0.0222489235262
0.0296109343347
0.00945487726049
0.0154455762289
0.0223247335028
0.0130413622804
0.0124782281516
0.0174034841635
0.0187751935139
0.0
0.00359735037646
0.0112915991692
0.0
0.00356249458462
0.00726220724903
0.0129520379038
0.0
0.00340922449185
0.00207314712272
0.0
0.0
0.0
0.00355603664955
0.0
0.0017077600915
0.0074885870191
0.0086895781011
0.00588602852447
0.00275408929664
0.0
0.00143740486594
0.00284340015957
0.00392580294419
0.0104347972326
0.0134751959024
0.00587775782004
0.00929281934136
0.0150042471393
0.0212461418688
0.023389458226
0.0282218957907
0.0301133825693
0.0240523395574
0.00357096132713
0.0110154305617
0.0187452464501
0.007482728708
0.00784814177786
0.00280311267618
0.00393477607934
0.00608476034197
0.00590000770755
0.0099971500379
0.0168628014994
0.00876396124558
0.0105161376411
0.0162430252096
0.000568511881266
0.0
0.0
0.0047729586387
0.0102837780487
0.0181206754805
0.0146906639063
0.0122014286434
0.0
0.00722051979025
0.0120301187024
0.0181084980302
0.000260445348632
0.0
0.0071971064874
0.00257613898759
0.0021309625732
0.0
0.0
0.0
0.0
0.00484390507685
0.00926904330627
0.0
0.00229629869881
0.00428069877706
0.00510052303766
0.00991912096331
0.00666717253327
0.010657554615
0.00349822413746
0.00389769689863
0.0
9.37672280727e-05
0.000904734671393
0.0
0.0
0.00577617769717
0.0101198994941
0.0149416118931
0.0128815421351
0.00086363097649
0.00822546649983
0.014934414499
0.00556533511939
0.0
0.00684075278861
0.00902753890233
0.0163541594486
0.0236225093905
0.0183290313112
0.0
0.00173072188041
0.00955504008441
0.0110895141446
0.0117871720477
0.0159860055076
0.0204451031093
0.0256054667151
0.025504411642
0.0215086595686
0.0285482196646
0.0209082361858
0.017690268612
0.0228945586741
0.0171438638048
0.0243385584775
0.00801295740123
0.00805395328922
0.0109489606632
0.0171741858038
0.0
0.0
0.0
0.0
0.00400891396268
0.0039705808893
0.0
0.0
0.0
0.0
0.0
0.0
0.0
0.0
0.000383543021214
0.0
0.00525113286494
0.00784665849172
0.0105917336447
0.0104894958195
0.0143257822886
0.00772388576261
0.00997826071367
0.0108598574378
0.00868436122064
0.0154139066393
0.0
0.0
0.00658448399843
0.000450273924868
0.00327055245598
0.000708256292844
0.0
0.0
0.00714038457514
0.00646495829052
0.0
0.0
0.00758326864068
0.00398547995457
0.0116909277714
0.0
0.0
0.000912128971361
6.0819699617e-05
0.00627540565744
0.00606538806647
0.0136308215671
0.00757071779834
0.0
0.000652930410323
0.00790936192423
0.0
0.0
0.0
0.00454972950709
0.0
0.0
0.0054974381755
0.00696563629989
0.00633152254761
0.00773800962238
0.0
0.004471955149
0.00986822819184
0.00568777839726
0.00584730051457
0.010447289855
0.0178448121788
0.0190463858756
0.0
0.000588663443025
0.00592228145771
0.00370813230189
0.00461352541804
0.00332507816487
0.0
0.00442811122151
0.0106479208338
0.0166095881935
0.0131397100117
0.00623637454147
0.0
0.0
0.00136720694738
0.0
0.00340244792784
0.0086216217816
0.0117413502719
0.0
0.0
0.000838208384832
0.000681260276647
0.0
0.00584124501712
0.00915607701708
0.0
0.00790496194454
0.01074684931
0.0176447639816
0.0182598371638
0.0213420115262
0.00762770015473
0.00321425810565
0.0
0.0040390662323
0.0117206819357
0.0152075628937
0.0186860816221
0.0147073133558
0.0165618368924
0.0158928217342
0.0233685033027
0.0313485623432
0.0385045831016
0.0284313669241
0.0329695515616
0.00749844916444
0.00720856141725
0.0139170062391
0.0201638703906
0.01546781324
0.0183047778152
0.0260264541969
0.00475157268204
0.00545455205718
0.0
0.0
0.0
0.0
0.00705215977388
0.00434946716677
0.00997925762212
0.00755318815219
0.00779017732561
0.00305208539546
0.0104584847672
0.0177021088913
0.0183196834969
0.0233307883584
0.00319516828283
0.00400714699953
0.0
0.0
0.0
0.00152476606255
0.0
0.00222062185254
0.00661730484314
0.0
0.00643049153541
0.0117897192639
0.0
0.00321545258375
0.0
0.00308160897867
0.0017101234763
0.0
0.00391275381013
0.00852242558005
0.0163147755422
0.0162607834444
0.0207221801726
0.0260903007397
0.0188590202256
0.0170914502017
0.0115750771806
0.0195033848044
0.0111300518359
0.0
0.00476869033596
0.00297291057809
0.00223244005708
0.00375456566936
0.0
0.0038583552365
0.0
0.0
0.00433044564606
0.0
0.00707048968232
0.0141800724606
0.0213950865438
0.00955631460983
0.0018102575675
0.0
0.0
0.00646186651859
0.0112995051162
0.00791762794674
0.00191879583382
0.00107994874328
0.0
0.0
0.0015276886157
0.0
0.0037188788617
0.00486127997694
0.0
0.0
0.0
0.00788189954393
0.0
0.0
0.0
0.00713204535348
0.0
0.0
0.0
0.00404525948682
0.0
0.000425109704512
0.00587960896629
0.0
0.0
0.00754043821784
0.00972802050659
0.0161171464424
0.0126161625784
0.0128425097923
0.0204493599125
0.0102945307178
0.0154414626754
0.00942435015559
0.0
0.0
0.00554984507599
0.0114889473971
0.0176268149438
0.0212376915594
0.0122579253816
0.0152239460782
0.0
0.0
0.0
0.0
0.00795665011771
0.015209034241
0.0180785862484
0.0219971195984
0.028806298941
0.0352131764876
0.0386130377939
0.0388748744354
0.0368591366095
0.0116270415884
0.018468481216
0.0167389832439
0.0205464886534
0.0216650202211
0.0201458862823
0.0238455450862
0.0258595877034
0.0305214433011
0.0312323814542
0.0372233458581
0.034674081348
0.0359536578763
0.0383292386854
0.0461561138989
0.0426178611177
0.0440964743332
0.0451352989725
0.0466812068747
0.0450283036694
0.0421583042453
0.0450661483978
0.03802436245
0.0448056990714
0.037988568715
0.0105618173702
0.0142024624362
0.0
0.0
0.0
0.00768713064283
0.00934342710387
0.013770582205
0.020841845744
0.00537196835622
0.0
0.0
0.0
0.0
0.00389672104732
0.0
0.00397265512713
0.000556642229748
0.007452909558
0.0
0.00267647367991
0.00381770878399
0.0
0.00586704274397
0.0105866271711
0.0127317185053
0.0168335443092
