0
0.00538833626905
0.0107601560558
0.017238327214
0.0251007766424
0.0279335593307
0.0302386732671
0.0266992088025
0.00822581821014
0.0124699264995
0.00454204176996
0.00929305265852
0.00956011217944
0.0104687515851
0.0182867948418
0.00513419403913
0.0
0.00358638647838
0.010562888467
0.0
0.0
0.0
0.0
0.00212358952794
0.00897351869594
0.0141401150726
0.0145011105007
0.0201301392806
0.0136343618004
0.0150036241676
0.0227403372432
0.0
0.00787042601385
0.0156896017997
0.0151686116731
0.0178756276958
0.0251035916306
0.0271434606856
0.0239098362864
0.0209684893663
0.0107879057799
0.0186392463582
0.0175459614582
0.0217003951785
0.0247197249216
0.0219340716115
0.0233810981429
0.0242714457715
0.0318025098898
0.0254007888355
0.0248787428681
0.0274995462233
0.0310797059498
0.0370754298938
0.0365620720734
0.0398315986595
0.0415910549349
0.0427073737563
0.0407200078792
0.0465326848852
0.0329528237778
0.0388731998535
0.044677408282
0.0206225061895
0.0264041125921
0.0331051913411
0.0391465212836
0.0298563923933
0.0200366548623
0.0243848234626
0.0235429457455
0.0
0.00167475348807
0.0
0.0
0.00667835710868
0.0
0.00768176079942
0.0124820616381
0.017341866835
0.0086558164115
0.00566573162886
0.0
0.00469905611197
0.0
0.00730609403904
0.011296600348
0.000812777125399
0.00113778441419
0.00180890905443
0.00791478925861
0.00596671049838
0.0114015442935
0.00530254429882
0.0
0.00599913319476
0.00580325665743
0.00352466840772
0.0
0.00699476891225
0.0
0.00746825527019
7.6868360441e-05
0.0
0.00677794451939
0.00738104217054
0.0134846271731
0.0170787954892
0.0239054061982
0.0238148023903
0.028676643769
0.0257615913956
0.0278972783263
0.0343276505228
0.0391324277172
0.0447943519262
0.0379576969692
0.033255111359
0.0408498586277
0.0458966441877
0.039721005325
0.0467541807975
0.0454025764874
0.0503180453002
0.0344000259483
0.0406487470505
0.0318995457344
0.0281836264719
0.0287890784036
0.0305458366119
0.0338415441391
0.0329235017679
0.0388909821105
0.0336982368244
0.0382437845278
0.0417418859237
0.0428630728885
0.0443408880285
0.0519439540137
0.0529092516156
0.0419556267265
0.0416124098944
0.030465686575
0.0125471190291
0.0198634381676
0.0254254619331
0.0234156171904
0.0186878649292
0.00232898429404
0.00706514898921
0.0134670370693
0.0161159067057
0.0162047243324
0.0227862956889
0.0242013251761
0.0319203553585
0.0245080439815
0.0301401044694
0.0225378733475
0.027080278452
0.0287928987944
0.0229244442071
0.0265012614591
0.0212467397131
0.0253671014892
0.0312978427943
0.0370241403918
0.0290420125533
0.0297510383667
0.0363579111139
0.0202945196938
0.0225432698301
0.0260286535461
0.0324911338627
0.0332759682448
0.0318685807846
0.0393925483514
0.043964196204
0.0500487947455
0.0574317617062
0.0519724915955
0.050012638848
0.0479489917728
0.0539758576596
0.0528416111062
0.0481605831014
0.0560351274425
0.0468326706445
0.0383543154947
0.0276681405113
0.0299224449455
0.0301802370703
0.0275457559489
0.0217498617433
0.0219849363356
0.0164182578766
0.014626187314
0.000806375070636
0.00727279377076
0.00960485159918
0.00474279946494
0.00504850905424
0.0
0.00794239005919
0.00740278465436
0.0153123808168
0.0202243972886
0.00657492529795
0.0
0.0
0.00152532951495
0.00641470625292
0.00713491268807
0.0
9.61418786447e-05
0.00748317188729
0.0
0.0
0.0
0.00779275376106
0.00370587564956
0.00800589388274
0.0135416277248
0.0203429076214
0.0254758734364
0.0157466060201
0.0199260808431
0.0253690367391
0.0044536563274
0.0120879600864
0.013703965189
0.00880356572914
0.0146801296485
0.0190950333329
0.0228673965199
0.0292107656999
0.032846648604
0.0343484255251
0.0315236372554
0.0273781370563
0.0268225069904
0.0194344321832
0.0254595260389
0.0334582051174
0.0
0.00638929212439
0.0124961394571
0.0119655765892
0.0195297564739
0.0231323135008
0.0229688715414
0.0291047678153
0.0298403422718
0.0342975400669
0.0396107415143
0.0453998637907
0.0451806042577
0.0525520418814
0.0590582186411
0.06434481596
0.0696509507743
0.0606588310016
0.0685895537944
0.0736173921198
0.0453120636101
0.049366485284
0.049610474834
0.050395682702
0.0557785540845
0.0530396855051
0.0528333656542
0.0599464095062
0.0639083912629
0.0518107123906
0.0497267872689
0.018018548915
0.0239287244096
0.0
0.00697092888145
0.0126990156499
0.0139823527241
0.0218725697523
0.0284267540896
0.0175010825183
0.0141996426294
0.0148434257183
0.0192863418735
0.00962409454739
0.013213717572
0.0
0.0
0.000163730629364
0.00317102182315
0.0106926946604
0.018415154555
0.0130780896385
0.0200031948365
0.00414340850206
0.0
0.0
0.000411597926716
0.0
0.0
0.00342637821414
0.0
0.0
0.0
0.0
0.0047791983472
0.0010998699019
0.00701218315453
0.0144277975578
0.017241062192
0.0141813609461
0.0
0.0
0.0
0.0
0.0
0.00527403009862
0.0113989767901
0.0103972842645
0.00721860111388
0.00829494746397
0.00693433635997
0.00906886849902
0.0105357660729
0.00670534835445
0.0117832319754
0.0146419450463
0.0138506927054
0.0119892172201
0.00661531128241
0.011465925278
0.019308341907
0.0192682291557
0.0160549693182
0.0204764172442
7.33223215454e-05
0.00217218614631
0.0
0.00557420106538
0.00579869440632
0.0011577942154
0.0
0.00683391223555
0.0144105998105
0.0169812040686
0.0187863561738
0.0223693475166
0.0303399937722
0.031465368459
0.0312471908129
0.0386620815511
0.036149329793
0.0422503160469
0.0333995374178
0.0328921940618
0.02795287483
0.026410904457
0.0207507434502
0.0287021519378
0.0327751867071
0.0287871085087
0.0271896893098
0.0324082359838
0.035963795842
0.0318878670448
0.029232159545
0.0254983407908
0.0329993044588
0.0360729394026
0.0143135804193
0.0192912851151
0.0229486911404
0.0283766914072
0.0342721274799
0.039756786381
0.0463942501149
0.0542883169874
0.0576537637536
0.054916499267
0.0616322727571
0.0691244412851
0.0736320159862
0.0737794023
0.0750414611652
0.0790528237026
0.0797206618347
0.0780156605126
0.0850323266811
0.0858104343645
0.0936300239017
0.088917660749
0.092764229432
0.100469643668
0.103406434331
0.109020045113
0.107854839916
0.114357583385
0.119019761732
0.105885547375
0.103976924725
0.111376018705
0.11472545586
0.121959621398
0.129715041018
0.108884146244
0.0843667481063
0.0794408539171
0.0841037175238
0.0791017478365
0.076004070654
0.0699309438393
0.0604760658319
0.0644570247505
0.065537877534
0.0588797143798
0.041012000128
0.0430713163156
0.0459377380408
0.0459844159241
0.0458278959083
0.0494239705634
0.0353090521247
0.0398534676581
0.0
0.000306587371321
0.0
0.00416363266581
0.00382344745097
0.00969082587848
0.00985270132151
0.0103228703598
0.00559400705628
0.0
0.0
0.000232842070095
0.0
0.00711778764015
0.014925579706
0.0215892204525
0.0167291455689
0.0175576037932
0.022649123091
0.0249010644921
0.00444105013585
0.00979679895226
0.00234055357721
0.0
0.0
0.00711837338332
0.00990105770373
0.0177093236491
0.017747308257
0.0205778227167
0.00548297706367
0.0100164944071
0.0135359249341
0.0209066394636
0.0236859571177
0.0241364111869
0.0294967281184
0.0301196728993
0.0338102318296
0.0392644091016
0.0307350943249
0.0343440112101
0.0412647134252
0.0270047428543
0.0
2.50604665002e-05
0.000290797591581
0.00674430553184
0.00352727201234
0.00628083583269
0.00518438194131
0.0119810252039
0.0126983020098
0.0180507949637
0.00522443972266
0.00776262853203
0.00321898331546
0.00792274039696
0.00243315019304
0.0
0.0
0.00340044517957
0.0
0.00517340772348
0.0092447615569
0.0122390232327
0.00782380191437
0.000816437776667
0.0
0.0
0.0
0.00785624562535
0.00383132369036
0.00459919604946
0.00376687314456
0.00558255610409
0.00917611739246
0.0153814751944
0.0231138752184
0.0187218404098
0.0
0.000772875723481
0.00793948583843
0.0
0.0
0.0
0.0
0.00218158344489
0.0
0.00710711683337
0.00636443691088
0.00920653284393
0.0132075182632
0.0160453492126
0.0165802581532
0.0193962986788
0.0135796378441
0.0
0.00653870186876
0.00936292905861
0.0161393311168
0.0235857209333
0.0156625291086
0.0063633621996
0.00339006515996
0.00752705516319
0.0153792192357
0.0201632076152
0.00511956553797
0.0125955449474
0.00419502060425
0.000125684881311
0.00628765328961
0.0115246627595
0.0158279178142
0.0197779072001
0.0229990984102
0.0306570237768
0.0366168846282
0.041700107554
0.0481931269416
0.0410579918036
0.0290189927165
0.0139921690378
0.0213301420689
0.026934089278
0.0264770235978
0.0199478628728
0.0257825676618
0.0156672717838
0.00306484057424
0.00988962003425
0.0
0.00406817057676
0.00478115383829
0.0125605395258
0.00233119127074
0.00864746623037
0.00695988099128
0.0148408193457
0.0227821045705
0.0280367627491
0.0346315148621
0.0409126863217
0.0478707869007
0.0504778793981
0.0492155400943
0.0555504542856
0.0525544460786
0.0602916409418
0.0624093165945
0.0680562957638
0.0758551970016
0.0772870235782
0.0677292833818
0.0747502392834
0.0504758515525
0.0583547935009
0.0640557767941
0.0712853214297
0.0669577523888
0.0692808153521
0.0583113948343
0.0554608177729
0.0576896524922
0.0555179512437
0.054269501462
0.0553958052357
0.0527820294594
0.0595730834847
0.0671379102668
0.0722646877162
0.0776546120335
0.0839677231625
0.0873176146593
0.090080523383
0.0821536129492
0.0619536364645
0.0599228767164
0.0558908935338
0.0567373854198
0.0592846135128
0.0532483655511
0.045394947044
0.0510289612196
0.0566172812708
0.0605494057842
0.056686883083
0.064650129461
0.0655035435711
0.0733038391518
0.0778358721203
0.0804130677841
0.0875161535747
0.0895830638884
0.0942621205547
0.0975400613851
0.0959448068262
0.101637810635
0.107035325417
0.113141919235
0.104336963692
0.0692825965104
0.0733197341861
0.0793532307118
0.0839714686766
0.0898148744672
0.0858582131165
0.0882500342474
0.0894551510614
0.0785159706797
0.0841366452305
0.0764304763367
0.0762373114052
0.0751684329405
0.0770051744236
0.0779195452503
0.0786945354236
0.0842664288987
0.0699661619472
0.0766721691064
0.0835839858594
0.0860844477018
0.0923890829887
0.0958861783622
0.0708975449302
0.0749647640437
0.0647781736277
0.0704265351738
0.0772367419672
0.0767292745302
0.0814113237185
0.0776932124552
0.0771598928035
0.0723434240369
0.0742706754173
0.0816165784026
0.0893995194515
0.0873880960571
0.0947794015667
0.100011367414
0.104397952479
0.107333124264
0.105037614296
0.110082610826
0.0984550561729
0.0847373862655
0.0757742422494
0.0676971195972
0.0665170978382
0.0738578804583
0.0811329352604
0.0889521688267
0.0875919203247
0.0911923449782
0.0886504539591
0.0957594322522
0.103060220818
0.0906213936616
0.0973328867561
0.100720545823
0.099668526794
0.0905041408104
0.0955769900679
0.10061691161
0.0821281292876
0.0776189167725
0.0854857598718
0.0904504107605
0.0877916580647
0.0839735510088
0.0852969388207
0.0906462011234
0.096694057308
0.0968595211172
0.1026395067
0.101712874127
0.108923889283
0.112298012547
0.116877833999
0.117916971645
0.10504513483
0.108452368345
0.115410935492
0.116001253853
0.11392021021
0.107963241506
0.102815299333
0.105805947217
0.102967872849
0.0930111957868
0.0980766537127
0.105831262427
0.107920673109
0.0994492672565
0.103000220448
0.109813117555
0.107747507333
0.114172908586
0.109046141351
0.111309093195
0.115784716055
0.108823369071
0.111353194746
0.118741084012
0.11118972932
0.111705590254
0.114555848173
0.118932212378
0.11991280503
0.116492058453
0.122254848504
0.128404727031
0.118557558143
0.0912220215825
0.0839372309537
0.0674352118872
0.0666901226869
0.0739623484585
0.0579796826653
0.0502736437891
0.0575168574177
0.0520961500255
0.056458603554
0.0232496213521
0.0287043785984
0.0213014961204
0.0291882985469
0.0337249926426
0.0288634736247
0.0355491620215
0.0358221067578
0.0371649257541
0.0434670820501
0.0429134958673
0.0476352771329
0.0348360725868
0.0340409558896
0.0215087377669
0.0118481142543
0.00227948410855
0.00410175901967
0.00425344676857
0.00820407761223
0.0122167423671
0.020196849009
0.0238032124997
0.0304227798932
0.0277823900634
0.034175290969
0.0339742828012
0.0400375792692
0.0223388782617
0.0167208436142
0.0231580346672
0.0129432915308
0.019116980957
0.0154537386061
0.0216797767338
0.0134486595753
0.0
0.0
0.00640467201997
0.0130022187646
0.0189785408526
0.0110986692309
0.0141883580725
0.0192716742047
0.00922482799943
0.0
0.00472068389112
0.00707697920045
0.0150372612595
0.0228094531361
0.0187463596135
0.0248392388532
0.0283894981868
0.0336242393289
0.0374487605011
0.0427626534592
0.0412479041388
0.0313904540691
0.0321221093998
0.0316227352513
0.0391592879437
0.0424110483064
0.0411936753747
0.0407340486043
0.0480564824522
0.0558444125881
0.0613544272727
0.0615809691729
0.0681114490457
0.0678442098664
0.0713444799453
0.0726575459583
0.0780191815547
0.0832841335289
0.0892406146253
0.0929946685833
0.0951285275956
0.101545190888
0.0706949139486
0.046675129289
0.0513868438766
0.0510133900465
0.0272467444318
0.0330526343484
0.0170904711421
0.021757599197
0.0251033618644
0.000314404068242
0.0032794878022
0.0
0.000847525057535
0.00399458024419
0.00684272067816
0.00196652133671
0.00603911101025
0.00582152895722
0.000631753619243
0.00302095355665
0.0104837733699
0.0182116731493
0.017934027822
0.0251673455373
0.00685665913256
0.00595425916774
0.0111029003329
0.018041584219
0.022900396427
0.0193678717165
0.0194571917559
0.0191789830208
0.0209484921084
0.0277712889739
0.0340020318339
0.037493085425
0.0423073568069
0.0
0.0
0.0
0.00553276012677
0.0100421101311
0.0170653880401
0.0229702284112
0.0270325588214
0.0275733314534
0.0123916374969
0.012178304734
0.0183144152373
0.0154785047905
0.0124636055116
0.0185819178478
0.0065670684944
0.0
0.00441635195867
0.00261710162277
0.0
0.0
3.32199759772e-05
0.00540546706288
0.0129242202936
0.0204932732491
0.0276254861897
0.00365464594037
0.0055222026191
0.00761202152457
0.0105767024911
0.00913130035989
0.0165928261652
0.0207760288052
0.0269023058992
0.0330341670634
0.0394932901026
0.0388471703171
0.0337170666897
0.0358568601708
0.0374985990212
0.0425486231771
0.0436981537462
0.0488704115606
0.050909734368
0.0458871852193
0.0442776717178
0.0272484416978
0.0337803535399
0.0416702088832
0.0431348637218
0.0498057018013
0.0556512104689
0.0503060531141
0.0518734051839
0.0260847046003
0.0249526673165
0.0268310778422
0.0172137905583
0.017920705927
0.0216844095953
0.0157034922843
0.0215842094055
0.0207738611286
0.0242857234666
0.00120566939055
0.00658649314566
0.00767277414185
0.00642074458733
0.00587966420605
0.012061119391
0.00609631024211
0.0129643442331
0.0207013947436
0.0172682763363
0.0239222614156
0.0
0.00606799266504
0.0128074233527
0.015710804596
0.0210004731442
0.0258291071476
0.0255303496034
0.0242216124897
0.020467793879
0.0238055329236
0.0164913114074
0.0220485916548
0.0142940820172
0.0152820752544
0.0189515305129
0.00641683570542
0.012374194085
0.00841612693845
0.000225197894229
0.00548589846226
0.0134513538462
0.0187638327764
0.0102850120013
0.0159869738889
0.0186863100417
0.0
0.00605754318343
0.0
0.00749608131801
0.00745930245647
0.013839312047
0.0208520625805
0.0167923270531
0.0244979126443
0.0211976407893
0.00138619427031
0.0
0.00279873830872
0.00789601690391
0.00860401265086
0.00701821701729
0.00592209340537
0.00982633928096
0.0162564908855
0.0238174431518
0.0174006130947
0.00709607996012
0.00282490409903
0.00300743852778
0.0
0.00403649538223
0.0
0.00531817267628
0.0119885931814
0.00634004230795
0.00070384096135
0.00756938172704
0.00486976438404
0.0125380345843
0.00584654472552
0.00955578918806
0.0171364760274
0.0145390691447
0.0203456627636
0.0189026880331
0.0
0.00648776212857
0.0084779333932
0.014816386127
0.0173330107986
0.023351092815
0.00771963486098
0.0108932725171
0.0186065782892
0.0159957833309
0.0239716620054
0.0227212549279
0.0295010698826
0.0309495598945
0.0276192449053
0.0311849233097
0.0380791264697
0.0262762788442
0.0292098616537
0.034805611734
0.0410268237589
0.0439413554119
0.0515910810803
0.0536957458215
0.0591954611162
0.0440957190451
0.0305691981707
0.0380431735795
0.0450348610511
0.0439417515543
0.0478261899277
0.0491338506072
0.0
0.00538239840558
0.0
0.000988197285855
0.00377645021947
0.00851938247399
0.0100033622143
0.0141568419978
0.0101994881188
0.00635679012213
0.000533959800388
0.0
0.0
0.0
0.00599665080517
0.0115544607289
0.0154595739867
0.0
0.0
0.0
0.0
0.00564846133704
0.0116692150087
0.0183683185227
0.00602290357128
0.000563685176795
0.00587563460448
0.0
0.00118175146581
0.00588554462428
0.013200907014
0.0
0.00169601183249
0.00855297541241
0.0024627327824
0.0
0.00776096028379
0.00270481600971
0.00704625078404
0.0144216984891
0.00572795072983
0.0
0.00565720117901
0.00990424538137
0.0159473727149
0.0150447097787
0.0120298444622
0.0193820305727
0.0155595876916
0.0224367232946
0.022138786166
0.0171283990047
0.022773136293
0.0307506539084
0.0382200232621
0.0412226649866
0.0367357388671
0.0223563291631
0.0282084878594
0.0358898405619
0.0345938233494
0.0366937734861
0.0322669740587
0.0313309004569
0.0
0.0019828699228
0.0089473718742
0.0169160086628
0.0227833921997
0.0293251601477
0.0337800857221
0.0280821830806
0.0321320087351
0.0399086569557
0.0289657105636
0.0336802576859
0.0409981338916
0.0486653376808
0.0564662992361
0.0601184982953
0.0415561509116
0.0363311280645
0.0416175196375
0.0435363397689
0.0507635207507
0.0351779471087
0.036598652349
0.044542038304
0.00150738404914
0.0
0.0
0.0
0.0
0.00405125818843
0.00977340065885
0.00998608453878
0.0131827792193
0.012187952746
0.0123978594736
0.0
0.00544118864281
0.0
0.0
0.00438263074759
0.00872168900629
0.0155207765063
0.0
0.00673788678272
