0
0.0
0.00343559281364
0.00620052383538
0.0
0.00214082406686
0.00515915340453
0.0
0.00579600971258
0.0
0.0
0.00415855161164
0.00845450422586
0.0
0.0
0.00539408085813
0.0126600835247
0.0073464758682
0.00842050032155
0.0129147253982
0.020739198339
0.0245244798642
0.0264276029983
0.0149237131485
0.0
0.00297793427354
0.000740218089087
0.00844498932042
0.00883079722822
0.00937372686932
0.0132949304247
0.0211950044375
0.00323187131357
0.0
0.0
0.00266476719123
0.00534391742293
0.00346547869891
0.00427409641745
0.0118075458621
0.0178204496695
0.00918462191801
0.0165297561672
0.00516244012627
0.00345783326288
0.00661860530666
0.00999787332883
0.0124823631564
0.0168810858436
0.0210819230285
0.0275597099214
0.0300990817078
0.0377968138557
0.0383139405938
0.0413452084849
0.0470757751326
0.0479895880319
0.0530702801588
0.0604758974269
0.0613396365418
0.0603209416733
0.0610624692281
0.0605524240137
0.0659231978161
0.0706361465973
0.0682305082153
0.0634628830162
0.0617490364737
0.0627614207533
0.0549827759237
0.0620832806855
0.0695358638133
0.0754428889168
0.0786595454013
0.0599701180024
0.0639823433391
0.0706891780749
0.0770546924122
0.0787751429565
0.0666696191006
0.0473149447936
0.0522925579209
0.0555039690428
0.057032718668
0.0205496661233
0.0237284539531
0.0251542037351
0.0269199350987
0.0241600745726
0.0261043717742
0.0282079836055
0.0179093418974
0.0154046562141
0.0
0.00460561209169
0.0120002766427
0.00712470403698
0.00843347660656
0.0055137399322
0.0101683775482
0.00840948875629
0.00288010727656
0.0
0.0
0.0
0.0
0.0
0.00582343002561
0.0
0.00136047560401
0.0
0.0
0.0
0.00600158244649
0.00327544015502
0.00620304565662
0.0112564643052
0.01757868369
0.0
0.0
0.00693454913439
8.72393238687e-05
0.0048379666425
0.0
0.0
0.00763016615319
0.0146764369677
0.0221898487333
0.0
0.00316716306291
0.00537990168773
0.0119093194851
0.0181768167577
0.0129271676653
0.0127379263635
0.0109518801863
0.0135046975243
0.0143330967903
0.00787006067988
0.0106646423061
0.0167544752568
0.00960246050427
0.0130002128024
0.0166132617449
0.0
0.00604099766652
0.00345655837356
0.0108606008035
0.0
0.0
0.00516536235031
0.0107330495071
0.00623270542567
0.0113390349543
0.00987657019068
0.0
0.0
0.0
0.00662026686963
0.00733092241902
0.00981674086376
0.0155770294715
0.0193638673555
0.0136400224426
0.0160299211267
0.0220252555797
0.0256486255224
0.0323304039388
0.0334889094327
0.0287290556847
0.0117987303469
0.0127712989609
0.00567333980864
0.00699477930007
0.0
0.00168524280755
0.0
0.0
0.00627746699112
0.012790041669
0.0176069998164
0.0190933883453
0.0141450989358
0.00787214302551
0.010334196269
0.00986056581585
0.0152434805891
0.0164925329101
0.0228906424709
0.0248913741307
0.0325017339368
0.0386045842013
0.0411900967453
0.0484701967473
0.0544464182006
0.0622646519307
0.034526555168
0.034222465597
0.0342876612883
0.0414198887386
0.0463261096847
0.04900880366
0.0567075327784
0.0623279602238
0.0676273818924
0.0690503929259
0.0711799047373
0.0744210036304
0.0671197511157
0.0702429520247
0.0748210509735
0.0694355405013
0.0766358117837
0.0751411927265
0.0761377252972
0.0597230474188
0.0643732036874
0.0460291970462
0.050856732131
0.0582254781451
0.0661160887486
0.0657662478613
0.069336670985
0.0669673945433
0.0723445728396
0.0659380134484
0.0691548026562
0.0583768911056
0.0622488808576
0.047655202616
0.0525166242735
0.0551540452044
0.0499331812259
0.0574853235376
0.0561210841981
0.060274687893
0.0558046819043
0.0405689119791
0.0272695459428
0.0335366974485
0.0399894685977
0.0406550951151
0.0437887753532
0.0481677112
0.0455769552243
0.043246320138
0.038129758753
0.0460775531495
0.0486891747249
0.0430859417457
0.0465067132835
0.0475253849606
0.0548840771351
0.0544447877419
0.0588905726074
0.0578324402398
0.056748464859
0.059435045734
0.0589110050825
0.0606472996832
0.061663289539
0.0567171419121
0.0623827696634
0.059155108983
0.0516060707994
0.0496719999309
0.0566462201577
0.0619906632853
0.0609835148859
0.0660968632012
0.0633682418439
0.0624022000191
0.0698141882637
0.0750264043733
0.0786679345041
0.0461694079107
0.0524406794914
0.055961030952
0.0629179217586
0.0661785410142
0.0702487298226
0.0734917596153
0.0748272178012
0.0684790095311
0.0684278261993
0.0706389734096
0.0778457570954
0.0816302529713
0.0887477217847
0.0834456022751
0.0906541268818
0.0968095358593
0.0863834654236
0.0898631086662
0.0844055786873
0.0748199070542
0.0606184865166
0.06712572724
0.0724387660981
0.0749857417887
0.074535481326
0.0822861773659
0.0798328791777
0.0846412349672
0.0920167635115
0.0968711639668
0.0908722908581
0.098004447226
0.105792678084
0.104068850036
0.108820697992
0.109388331348
0.109581438968
0.102273583165
0.110217407689
0.0980798829279
0.0871512925968
0.0901626564372
0.0972403953224
0.101535729449
0.108935847939
0.106620535501
0.111467740157
0.112581620069
0.118456726545
0.124726338784
0.120004802015
0.125182621521
0.119530028499
0.12222680022
0.12177719689
0.108945605975
0.0985282170943
0.102218353897
0.101227318511
0.107805116311
0.113454601644
0.0980200742678
0.0971521539898
0.103935464998
0.111072230231
0.118724272797
0.10635365313
0.0965804857222
0.0979895795097
0.0996308013509
0.103566375177
0.0997057477251
0.0860289964372
0.0903154641965
0.0742820142808
0.0702407531842
0.0779316352593
0.0670678513239
0.0644779419285
0.0720939964752
0.0750914025239
0.0623386817385
0.0559846575028
0.0620075369813
0.0672305628489
0.0745742037767
0.0774731190678
0.0814945730386
0.0884493142578
0.0932074425827
0.087413693477
0.0953381358744
0.0872188059782
0.077823720038
0.0773873653709
0.0703144216055
0.0670634673225
0.0649563064146
0.0704355686838
0.0654164779549
0.0698504796038
0.0721047401854
0.071297680029
0.0711035481243
0.0781992078351
0.0829064111316
0.0872384551143
0.0865756269464
0.0835243131046
0.0717455783865
0.0669487773907
0.0736726011998
0.0623302800448
0.067117951325
0.072130032977
0.0758777459912
0.0610816868382
0.0674831408703
0.0739916116828
0.0780361944415
0.0695090493156
0.0727847842513
0.0617396219713
0.0656661013182
0.0539648000152
0.0615185765019
0.0409624854995
0.0417251260677
0.0292869336286
0.0357572468204
0.0409792020159
0.046882387559
0.0495052495112
0.0501154910447
0.0444335124039
0.0351930904275
0.03336784624
0.0402310590172
0.0231776392338
0.0291986597838
0.0212676591469
0.0271289195963
0.0307889531543
0.0384160256684
0.0265679910278
0.0186112357147
0.0212635315055
0.0193636691559
0.0263612209431
0.0265147086694
0.00548573494815
0.0106883150108
0.0
0.00588832319127
0.00565658240359
0.00757448100448
0.0100902574199
0.01346045996
0.0142701145532
0.010973944872
0.00807056040238
0.0110242847429
0.0133183990685
0.00766620763085
0.0121590605959
0.00856618641261
0.0159909632571
0.019969188097
0.0212030774985
0.0163772211139
0.0191770556922
0.0209489188012
0.0249874334513
0.024231662531
0.0149794449252
0.022784950516
0.00200198601609
0.0
0.00424522856879
0.000691862713618
0.0
0.0
0.0
0.00663708419891
0.00507265055976
0.0
0.00447235552248
0.0101074023691
0.0160336810572
0.0214608295504
0.0240086986771
0.0273753286731
0.0109140410457
0.0131754787516
0.0190678078603
0.0175724451971
0.0112763114825
0.0104136524639
0.00215162103493
0.00577309757398
0.0108613530211
0.00438602462879
0.00277011759427
0.0
0.00374678261938
0.00365136343546
0.00932253559313
0.011807317882
0.0179876333293
0.025408828601
0.0214264392865
0.0155624897886
0.0135556787738
0.0156039734088
0.019617994395
0.0147073889357
0.0146665964594
0.0192642292338
0.0227594435161
0.0
0.00147225084144
0.0
0.0
0.000195146359886
0.00257827036426
0.00378591925922
0.00835676524781
0.00870679395206
0.00913705676084
0.0135363676819
0.0155980762388
0.0151022496026
0.0115548721632
0.0188424990236
0.0248956933591
0.0278391247869
0.0199420843657
0.0
0.00465149628226
0.00460840012649
0.0
0.00543265643636
0.00918884370986
0.00339285822117
0.0049948740382
0.0104326069011
0.0142734020652
0.0220148734815
0.0270468139163
0.0277538460598
0.035383290385
0.0427337685214
0.0333249410597
0.0325523023492
0.0360937349818
0.0374964967061
0.0316029018986
0.0361093195929
0.0405174055044
0.0483461575413
0.0338261911424
0.0359195189863
0.0427343930222
0.0489648234295
0.0442755360091
0.044091675035
0.0341281970141
0.0346606722691
0.0393112056637
0.0402004635229
0.0470085256284
0.0537516294891
0.0548992777141
0.0480977669069
0.0552617778086
0.0594747658785
0.0485163470406
0.0430831369095
0.0466778079968
0.0499406379718
0.0543230774626
0.0622847732977
0.0653310279536
0.0721335064166
0.0775693118368
0.073327607712
0.0808272372627
0.0663204928573
0.0738871231115
0.0738672341613
0.0781959800779
0.0852924244576
0.0758743651149
0.0785621339831
0.0856756111519
0.0647289551442
0.0706315211629
0.0738990923437
0.0801215561014
0.0817723642714
0.0872315419075
0.0928282888156
0.0904685576132
0.0859603982281
0.0900236683981
0.0824023591829
0.0821557996588
0.0833417699117
0.0816209638254
0.0534464861342
0.0585944053687
0.0451143750349
0.0454789754279
0.0409896396735
0.0433919283675
0.0498092447619
0.0533259832704
0.0586677441437
0.0526841917695
0.0602663614848
0.0651166446584
0.0721922172964
0.0778512603596
0.0761261115841
0.0827812386555
0.0850579961267
0.0751473447356
0.0822337209691
0.0880053097379
0.0823856692792
0.0896158638468
0.0872048023087
0.0891149425951
0.0966493940586
0.0828799326429
0.0888549014429
0.092925342632
0.0882666329283
0.0877756537902
0.0927078360923
0.0967072430701
0.0976721566058
0.0831665703989
0.0749141346286
0.0759381114525
0.0726665762919
0.0789647523521
0.0836455010247
0.091146731757
0.0831499950961
0.0882994364288
0.0875655297583
0.0805165869552
0.0743098434761
0.0798760203213
0.0848997800089
0.0851918574983
0.0928489447452
0.0948488128163
0.0871424181661
0.0839444721726
0.0803240409012
0.0792980415846
0.0821823434535
0.059659248863
0.0649462186433
0.0705488434712
0.0740262522757
0.0796324390926
0.071559691948
0.0719519374907
0.0740658182947
0.0519078919045
0.0587518737807
0.0625090021221
0.0698628295404
0.0692839061085
0.0729420552397
0.0760276599312
0.0779560960191
0.0810800132797
0.0818551535966
0.0896692687009
0.0882909211942
0.0948971084668
0.0881583032201
0.0886787874903
0.0949493332248
0.102172619807
0.10815602794
0.0839035420125
0.0893358915102
0.0970922056709
0.0853889079151
0.0838051237615
0.0899547397583
0.0839850183585
0.0777518873527
0.058583634211
0.0607529034009
0.0673680249263
0.0702252411375
0.0779197359406
0.0785375708328
0.0838699299274
0.0815708857812
0.0867442986162
0.0938730078796
0.08475367937
0.0922187029995
0.0965645528311
0.0929533840851
0.0822546526293
0.0852695078795
0.0929229894612
0.0997406964891
0.0939557953811
0.0925034894156
0.0865863260661
0.0744794826347
0.074830892081
0.0814515271293
0.0848279967078
0.0878853256612
0.0932703461686
0.100786671683
0.100374662362
0.108172514352
0.112935092323
0.115730722432
0.122388658403
0.111060667482
0.11452132503
0.11704128171
0.122056650703
0.127633812953
0.128313845733
0.134437189132
0.130146012893
0.108141707265
0.1145593359
0.117196429616
0.103690332133
0.108510815386
0.10440090501
0.106657718432
0.104045172484
0.108867953231
0.105294711033
0.112979528239
0.11510924427
0.0924888514779
0.0879758471547
0.080391043006
0.0882156275642
0.0949205582414
0.0979405968709
0.0999441704285
0.0983026897993
0.0860550332206
0.0938348937796
0.0979883944498
0.0879966054601
0.0916119335428
0.0985632236919
0.102442730473
0.100900769604
0.105022591772
0.108482327828
0.106863710033
0.10136255485
0.103707680271
0.096003418109
0.10003717276
0.102232913931
0.100740346009
0.0939576930961
0.0809132011611
0.0874332003089
0.0890899873855
0.0967176120638
0.0894923913923
0.0942693560536
0.0921725815057
0.0985649316141
0.101455826395
0.0996533635391
0.0980363458205
0.0913460244905
0.0971893623643
0.101634489388
0.103660498347
0.107866248617
0.113786452279
0.11904266694
0.120975695595
0.12858077331
0.127299351686
0.0999487963858
0.106716537847
0.113580295364
0.120208453973
0.0943822224987
0.102217210509
0.102886662391
0.110505624505
0.102605937704
0.107500368621
0.111927210948
0.109112978333
0.113101136918
0.109908652336
0.11086494238
0.105977726027
0.111452983643
0.11844260216
0.110680285241
0.11736708623
0.118359431941
0.125378621911
0.126216918271
0.129699752928
0.136687405553
0.136541333404
0.141163693953
0.147071154538
0.154337754998
0.155772125924
0.157077350378
0.153119174452
0.161097294763
0.156950884036
0.149191992504
0.156749905675
0.163637560861
0.169826686452
0.170801536833
0.177429575967
0.158989562976
0.15009915699
0.147767984686
0.154375710159
0.148795729126
0.154271205636
0.143717087277
0.144934110316
0.117515128579
0.114486278656
0.100473424448
0.105946765191
0.113094656256
0.120068603889
0.123382691224
0.128964210533
0.136907150748
0.121324522636
0.104933759233
0.109505818021
0.0977390142038
0.0994438029351
0.104947982348
0.0860331265954
0.0893207735143
0.0960472624694
0.0988161669066
0.100930907609
0.106149847974
0.100045478431
0.101706237596
0.108116895661
0.115702425523
0.119781531512
0.126710792219
0.126471599483
0.124598050033
0.128345819347
0.126628381125
0.133618547104
0.140871106436
0.143695657452
0.148084296572
0.147772612894
0.147944985141
0.150652796323
0.132540833568
0.103463739443
0.110331610463
0.11762382553
0.124726986299
0.130082866081
0.137228814298
0.138149907525
0.138230115489
0.141420570792
0.138846590926
0.141742508874
0.147400296378
0.141025769269
0.145427588925
0.13784250428
0.144623473459
0.150115400502
0.12516668726
0.125847958451
0.126976006419
0.131421028796
0.133295413429
0.141170080661
0.131744815952
0.138938031685
0.146124611613
0.144633094177
0.14928659526
0.146686804754
0.150722922603
0.151084649326
0.137572671759
0.141159115459
0.144421813871
0.127762288971
0.130030435812
0.136325909216
0.139794976012
0.143329905767
0.118383548565
0.124779354502
0.132212193751
0.136095172433
0.142475524386
0.1427582493
0.147738827061
0.143024894846
0.146378634942
0.152975973675
0.138139838051
0.142372598572
0.147323676504
0.154976312988
0.156562125484
0.161882620879
0.163452396329
0.166904573062
0.171770434489
0.171682264184
0.167774057483
0.166226744888
0.159892745331
0.166428249119
0.167175555173
0.168673653034
0.173942556744
0.178484997103
0.183931630631
0.182144333764
0.187456367086
0.181164233193
0.187128219872
0.186087734532
0.189708037165
0.191298528214
0.188573758379
0.170978899802
0.1664941949
0.167508588123
0.144720964659
0.149859669281
0.150885432498
0.149490099539
0.156281956595
0.148053388394
0.153106875043
0.157664344928
0.161244763903
0.166179362491
0.173378599985
0.179842287757
0.150194309133
0.153052781541
0.1543144
0.162292035455
0.148420681954
0.128623206794
0.134229050001
0.111705000225
0.110741574493
0.115618840318
0.109745242436
0.0980418470961
0.0979373403468
0.0944355007774
0.0806951656889
0.0582894258756
0.0661183676906
0.0489075586273
0.0360555732689
0.0238392402225
0.0317814796912
0.0184604016293
0.0256809945613
0.000201575476787
0.00230025288013
0.0
0.0
0.000586964677508
0.00722154671942
0.0149056479339
0.00338279221409
0.0072626526287
0.0110903034126
0.0134079745014
0.0199099347712
0.0189257213311
0.0046096601721
0.00707028706089
0.0
0.0
0.0
0.00506335520394
0.0107312529845
0.00832860555708
0.0149925279706
0.0186212997448
0.00720707090411
0.0
0.00295756896235
0.00187248017975
0.00498646354214
0.0
0.0
0.00450556930749
0.0
0.0
0.00208971922719
0.00220459475388
0.00105366752008
0.0
0.00728607962656
0.0
0.0
0.0072114532703
0.0115116026333
0.0173718243256
0.0183227052153
0.0252978839431
0.0228704906436
0.0248913179754
0.0279128275488
0.0196462203123
0.0209851880848
0.0194689975838
0.023408884477
0.0304982142495
0.0312606320634
0.0321486228467
0.0217514119183
0.0157015973495
0.0165238529726
0.0242198153208
0.0305106618367
0.0381987614823
0.0385002654899
0.0450887976858
0.0497733439154
0.0574580285867
0.0528785363903
0.0525350302492
0.0486790653294
0.0513437591893
0.0394956438788
0.0456564037415
0.0500639840398
0.0568519951054
0.0598051072202
0.0611031352772
0.0651818547358
0.0720638793196
0.0691652804692
0.0529503579463
0.0593887603201
0.0657014914093
0.0728106511022
0.0740043712619
0.0817657650165
0.0836259630754
0.0807692548258
0.0865944389061
0.0918334860453
0.0933058561418
0.0820619642311
0.0822924325847
0.0902159272583
0.0971330920495
0.101277876208
0.107705625071
0.114347622477
0.122328745995
0.12274857878
0.120861416228
0.123622989581
0.125239405736
0.125925528409
0.122786874501
0.130468818617
0.126371787598
0.105392573542
0.111890760438
0.111333370959
0.119183175833
0.125783668714
0.127938393178
0.119061824592
0.121283230929
0.128178483414
0.135044539253
0.140773370793
0.13194141275
0.139272509778
0.143477141959
0.139262227197
0.145671959069
0.145696503453
0.126634230813
0.126921123284
0.122018929357
0.126937078315
0.127189885626
0.10857037639
0.0891917220129
0.0962006355683
0.0828602650078
0.0899069145279
0.0861609261725
0.0938937372587
0.0985003724895
0.104565902224
0.103442401137
0.110371084839
0.101471669373
0.0958702331382
0.103629826878
0.108593394744
0.115511335804
0.116210238712
0.116684449453
0.112841350178
0.105913809852
0.104605091767
0.112442826592
0.116366756646
0.120150684092
0.123065105883
0.128303787074
0.129496944159
0.135711209294
0.142810703532
0.144481162869
0.151293123276
0.142664058669
0.145869503091
0.153632343919
0.125446943311
0.119907731137
0.116764168767
0.103836623044
0.109637919638
0.1168550922
0.12194355121
0.123343819146
0.111164297375
0.114336842828
0.103451478535
0.109127507182
0.114109511647
0.115671848397
0.119100438557
0.109447491457
0.108393875228
0.11439470525
0.0903496508403
0.085301900618
0.0915134603942
0.0958327750034
0.0973448139584
0.10290354942
0.0866865163925
0.0888753302687
0.0908606635045
0.0925145310026
0.0824048923643
0.0903381493367
0.0797209204
0.0830111702732
0.0702971124902
0.0752428430625
0.0716113227447
0.0558239409888
0.0417636053277
0.0395595085105
0.0456194427763
0.0480898843177
0.0509600071227
0.0584618411948
0.0475268920115
0.0525852277826
0.0471154077632
0.0546891389415
0.0595865495175
0.0649665608018
0.0547410434158
0.056299235533
0.0591235039175
0.0518362787751
0.0570335799897
0.0577071380216
0.0591651882969
0.0547260237811
0.06180241971
0.064809854811
0.061643168681
0.0682570049745
0.0234506174003
0.0290644907909
0.0349642945481
0.0420374233218
