0
0.0
0.0
0.00790393178579
0.0
0.0
0.00503636460298
0.000970147603502
0.0
0.0
0.00209029761905
0.0
0.00392905558546
0.00854722592938
0.015771790096
0.0209898539707
0.0240615779392
0.0308708200939
0.0348196268297
0.0299684198454
0.0339319667693
0.0150861398342
0.015799340043
0.0230487246215
0.0293628109846
0.0369970738362
0.0346226380469
0.0353409301143
0.0432726860445
0.0396623901085
0.0329934984175
0.0399119157847
0.0438282437408
0.0453334209618
0.0450540463458
0.0419628956198
0.0101756356306
0.0170521280436
0.0
0.0
0.00519718807652
0.0
0.000712120144137
0.00516639254267
0.0
0.00798594766438
0.00705759441377
0.00930206395417
0.00407543218035
0.00499519461342
6.72643665239e-06
0.00737772419114
0.00828465656053
0.00952520638893
0.0131026431986
0.0184445226082
0.0241890523333
0.0293880745765
0.0359622894115
0.0428055081574
0.0314954648631
0.0270937469971
0.0252581242829
0.0282878866873
0.0344419923812
0.0340830764772
0.0251461217191
0.00703247981961
0.00410472466357
0.00659854945706
0.0
0.0
0.0
0.0
0.00647062117941
0.00755392461825
0.00949693264935
0.0
0.0
0.0
0.00780952652637
0.0147920448042
0.0224871927983
0.0214020395324
0.0261320980423
0.029939091277
0.0378254766194
0.040235338751
0.0360127698934
0.0374026019918
0.0398040927129
0.0394449887066
0.0410489014032
0.0463551340843
0.0526496445555
0.0529315057916
0.0577527671062
0.0629427872743
0.0684214967521
0.0679062469528
0.0737592475299
0.0803901227117
0.0876747888386
0.0843520784129
0.0878798167481
0.0808903989884
0.0812123537984
0.0802227789456
0.0866836513497
0.0886964168497
0.0959603996783
0.0831749371035
0.0825930951112
0.0881516382406
0.0800721597973
0.0840181697323
0.0900091740189
0.0931139062195
0.0872583635736
0.0274663396838
0.0291227509713
0.0358572050512
0.041762625323
0.0377009278002
0.0356317907858
0.0415910873494
0.0462583834846
0.0515360541155
0.0430051632093
0.049755673069
0.0393572988596
0.0472155295949
0.0429795753969
0.0373154538461
0.0395631420333
0.0415613927495
0.0486599712313
0.0512056463256
0.0590772275405
0.0488071504173
0.0543107341894
0.0506956175607
0.0584566544198
0.0371798079186
0.0436276471666
0.0480457024971
0.0506126991026
0.0517514491712
0.0564903703755
0.063468912558
0.0704240165472
0.0606516170283
0.0610947760592
0.0655569596139
0.0724054377494
0.0731722835315
0.055630963888
0.0435215798488
0.0368437604441
0.0421619134351
0.0298005708308
0.0323093578729
0.0273675263678
0.0302423029341
0.0283489123273
0.0344988085785
0.0245243198734
0.019236537169
0.0263989453782
0.0286198276912
0.0290025781047
0.0213940374222
0.0113672456949
0.0182127741218
0.0171427591789
0.0132595248557
0.00256384468297
0.0
0.00371471536945
0.00486833553224
0.0114675689322
0.0118123473514
0.0178697612541
0.0
0.0
0.0
0.00620463639075
0.000543885574179
0.00278631626493
0.0
0.00352104221313
0.0100919070908
0.00680252014531
0.0107687775507
0.0139955292346
0.0192250916687
0.0265712799735
0.0301326796576
0.0371193550111
0.0424592729299
0.0428200760977
0.0380169473265
0.0450818376511
0.0367960534843
0.0328808161386
0.0138263070025
0.00824517401961
0.0120344581285
0.00868534056647
0.0146071292088
0.0179570620618
0.0189957275475
0.00968361047546
0.00879912081237
0.0163699304322
0.0243541391556
0.0282630741479
0.0349303210388
0.0385609509563
0.0438155783858
0.0355086313805
0.0422691623909
0.0227480916323
0.0269380724455
0.0223375546287
0.0238808469819
0.018459198067
0.0222861403613
0.0195323996432
0.026905917673
0.0304608766023
0.0338110777132
0.0241704972584
0.0235748026153
0.0280442230604
0.0273676721583
0.031076639411
0.0363242704662
0.0263574840747
0.0228745462528
0.023515988118
0.0216937695039
0.0104187789054
0.013395237175
0.0
0.00376951541585
0.00269763154322
0.00279705741872
0.00937410109438
0.0118965687408
0.0198907752246
0.0245286151682
0.0302201862397
0.0369814849995
0.0386301161885
0.0417159160275
0.0428319755648
0.0476562791964
0.052091039102
0.0505772643871
0.0468495390368
0.0378581723697
0.0443341237119
0.040084592171
0.047159644406
0.0486348841072
0.0552975590305
0.061426874616
0.0662772412533
0.067232276142
0.0737245249705
0.0761030710739
0.0836674856668
0.0770364764143
0.0719491992801
0.0577813864953
0.0594253110137
0.0647255116606
0.0635309954829
0.0681360512048
0.0675272296581
0.0739090556251
0.0788314348692
0.0849224509302
0.0883995579056
0.0837557469427
0.0818328277649
0.0787489435643
0.0485131721422
0.0379544853379
0.0141340875968
0.00421579904062
0.0115110508185
0.0121346805066
0.0196488520012
0.0171272364332
0.02477570126
0.0243143665807
0.0139606619243
0.0201388753594
0.0268581726222
0.0275672526604
0.0333725492699
0.0374544931859
0.0371017735473
0.0419700593954
0.0408081017472
0.0201319539949
0.0212617299153
0.0260237157385
0.018060085422
0.0225196876911
0.0273500938165
0.0347263494995
0.0350094289132
0.0417757391376
0.0424194991923
0.0417036591962
0.0493538673991
0.0556299235617
0.0343488335529
0.0409836063696
0.0401614192915
0.0457599526854
0.0514923709653
0.0391401915998
0.0318664761065
0.0287459729906
0.0365248264461
0.0421851971316
0.0375683471118
0.0453214655454
0.0508086852245
0.0506076128425
0.0584144566767
0.0645793086991
0.0504603437528
0.0535329365174
0.0607538909885
0.0567983007904
0.0508656517747
0.054474258977
0.0495124690958
0.0573560759823
0.0516218059043
0.0589942203678
0.0580108788977
0.0633487012062
0.0647867262596
0.068418348879
0.0521540403438
0.0597782408349
0.0628432480127
0.0655911500797
0.0601740951959
0.0650100074603
0.0706314960037
0.0710214368274
0.0690423819456
0.0759265070242
0.0804280457239
0.079240549282
0.087150820824
0.0950375253999
0.100381050848
0.105767825252
0.102777471874
0.103932716476
0.111362123965
0.117430940488
0.125275031745
0.128175916255
0.121272279679
0.0802811758515
0.0576588720268
0.0592068574752
0.062851033668
0.0592823107838
0.0551207410688
0.0605264511909
0.0604909931811
0.0535828474106
0.0392330128363
0.0193383694201
0.026023774636
0.033775791979
0.0273107093312
0.0307847783045
0.0373208082941
0.0378607852073
0.043202709406
0.0427541439475
0.0487218192106
0.0567090126266
0.0633599369776
0.0631046169593
0.0608272376566
0.0638461597501
0.0708845833944
0.0740084091916
0.0758381852646
0.0815227098625
0.0852211601553
0.0876813458068
0.0890120810384
0.0897342500316
0.0923565449776
0.100135446783
0.0886646611352
0.0858413547807
0.0916684196019
0.0890842223403
0.0935369558488
0.0963387627454
0.0974974027112
0.0867285779594
0.0873907110961
0.0936694117706
0.10136299348
0.096784592966
0.100020878136
0.0992446212613
0.076425790378
0.083517222474
0.0663838166905
0.0613470570915
0.0649200036841
0.0642608361782
0.0581572566753
0.0635657420402
0.0653622694433
0.0614488439585
0.0621550896622
0.0662914484261
0.0697228016126
0.0748450873991
0.0658716686952
0.070193285725
0.0644878807387
0.0612363262536
0.0367042429027
0.0288686115349
0.0259850133841
0.0258472235071
0.0321074598505
0.0324220859765
0.0304849464536
0.0227073406109
0.0252605407461
0.0284887449485
0.0193549643109
0.018825672253
0.0246741706362
0.03073073057
0.0331970196807
0.0377424000832
0.0328152787858
0.00904467573606
0.0162845006829
0.01950102676
0.0205884225126
0.0273131545891
0.0270069755531
0.0262084957023
0.0329691797866
0.0400726490724
0.0471744189667
0.05238876653
0.0565268026903
0.0605392726583
0.0675399958018
0.0704096219838
0.0628425719997
0.070207176615
0.070633667593
0.0760958551371
0.0801398982393
0.0813160628034
0.0881934909552
0.0860336573062
0.0627157907954
0.0676635482726
0.0640143664162
0.045532026322
0.0513220748995
0.0454373047617
0.0505405051722
0.0535168473606
0.0592259335169
0.0656124982072
0.0699188776368
0.0750106482531
0.0769409628151
0.0508706555549
0.0579446994201
0.0646359107082
0.0703360359927
0.0742638583667
0.0723904965783
0.0708147530826
0.0752523785846
0.080111104053
0.0836720298574
0.0602285159132
0.0666621191192
0.0731366757899
0.0735464723182
0.0795083895505
0.0830461776013
0.0805621778057
0.0700374567294
0.0614942770979
0.0689087733852
0.0611399655645
0.0617103359889
0.0448771166515
0.0426276080087
0.0492346033378
0.0545361791764
0.0489395732559
0.0170206507367
0.0236039267752
0.0213688915634
0.025740841289
0.0223539114087
0.0132627286024
0.0195089261893
0.0200483303698
0.0196319764757
0.0272616121659
0.0350021227464
0.0370779320871
0.0352372166267
0.0384924702742
0.0453576270841
0.047412720655
0.0312299086626
0.0355479441836
0.0425934226977
0.040954517266
0.034671383589
0.0409860230462
0.0463234624993
0.0521711516809
0.0549851835894
0.0488174908118
0.047802771613
0.0547074367034
0.0565049881138
0.059339465929
0.0652172763294
0.0658949631544
0.0649627561468
0.0691368335934
0.069432362046
0.077076177625
0.0823578105844
0.0786930100149
0.0854781651964
0.092489104243
0.0819161497537
0.0823037419371
0.0811948969494
0.0880872508626
0.0956252469377
0.103057840764
0.108718326832
0.101481286188
0.102255679162
0.0949998468226
0.102560100877
0.103053763775
0.103795625117
0.0957929707762
0.0649212466896
0.0721357209988
0.0732724899865
0.0778253623907
0.0715902678734
0.07591658806
0.0839027872318
0.0765032860153
0.0808377620302
0.0833465724848
0.0749868059458
0.0812107269026
0.0851465506142
0.0923359609689
0.0836051756682
0.0818490071939
0.0848136193934
0.0923629698791
0.0944628841977
0.100426259057
0.0835214695875
0.0900921902565
0.0958316299117
0.101863931528
0.106094240463
0.10992759197
0.117885911465
0.122503284308
0.129617106963
0.131659750912
0.138379935043
0.144208362246
0.148478897091
0.155600280268
0.135815862651
0.14049175252
0.139860506919
0.135991872137
0.142118040784
0.14817823468
0.156120024684
0.141446251932
0.139895426608
0.140022373732
0.146518889988
0.148561975061
0.146388902175
0.152546555957
0.15917342625
0.150465245726
0.153453868703
0.152989410022
0.157361104396
0.157106403663
0.144477993316
0.144495974799
0.151051794256
0.1556930659
0.155703907574
0.162119922278
0.167488086084
0.170626526228
0.176114208446
0.182740400418
0.177309780203
0.18235312976
0.186454489649
0.193632675384
0.195506884228
0.19577732936
0.197391017001
0.190880957693
0.19792512167
0.197495296333
0.202094710085
0.192196061424
0.18071365491
0.158333816001
0.166255397335
0.169169492259
0.172478427263
0.177900624207
0.183220085201
0.190436324278
0.188880543956
0.176760268788
0.180586028041
0.183840201695
0.189523452682
0.195137186049
0.198632921931
0.194022251149
0.198426595208
0.198333922962
0.194195984972
0.201416818407
0.206676818013
0.189396563456
0.19246343661
0.185832457004
0.191937179176
0.185993824684
0.193958089436
0.19742453006
0.202019094915
0.208878746249
0.216129003882
0.221839987717
0.218565549655
0.221523641719
0.217804318559
0.21708371531
0.22418086035
0.222505019054
0.225754662874
0.232217572892
0.239624512727
0.24421837508
0.240130485339
0.247037848895
0.243480622336
0.245513056642
0.250727035481
0.257648442037
0.253091379702
0.260487412693
0.267837236396
0.270762019933
0.273103283017
0.275803128768
0.28037390166
0.286488790762
0.287874717856
0.290062557378
0.296564305256
0.27834580662
0.267356094267
0.267666031894
0.271855564137
0.270337387032
0.270278010819
0.267426131577
0.275067573015
0.272764113683
0.277156804945
0.285099537101
0.286651301667
0.291976362227
0.291410667925
0.294908984398
0.301031413851
0.307108511639
0.293561826897
0.281306100007
0.284500389311
0.290597968835
0.267306395964
0.259201770123
0.265943516711
0.273029325988
0.279868545588
0.283273374502
0.288110535474
0.287773999386
0.293720030873
0.297986610646
0.293950383735
0.291567663598
0.290468195336
0.297038940278
0.30247459664
0.296181372346
0.29688309402
0.303697851897
0.295048856488
0.299806898514
0.306582107729
0.314329355821
0.321048055885
0.322927970928
0.313997909904
0.307940993819
0.306834891624
0.307240741486
0.295927559117
0.299145735335
0.303048806339
0.292192620844
0.299491554772
0.304702695818
0.308184669699
0.30338858333
0.298960793546
0.302254655875
0.305345427498
0.31237310785
0.304780122026
0.293891561953
0.297520855992
0.302021002724
0.281867892859
0.288575767026
0.288200926614
0.292743442311
0.296228032834
0.284981840172
0.280679480986
0.287804293168
0.293513729383
0.299488520152
0.283859784763
0.275173588991
0.271648773911
0.275883764191
0.278768146207
0.280450569324
0.273005821896
0.280262896596
0.287579369507
0.286859031178
0.283650841059
0.289545771062
0.26552538561
0.271875977005
0.269653022953
0.276420898722
0.284333693424
0.292204391286
0.295044179262
0.297784305805
0.298178952041
0.305509235125
0.307776267422
0.309718851693
0.293105889673
0.29895055596
0.298130606123
0.285581565214
0.289824606655
0.284425007174
0.286275281093
0.285601068696
0.274625608342
0.281818712175
0.289574787993
0.292994451009
0.297417847853
0.299760606273
0.290458564345
0.270156918953
0.27735542232
0.276327596955
0.279386993578
0.284215507092
0.283172240244
0.289112621762
0.289881789959
0.248882904946
0.240523700186
0.243427075573
0.248585920608
0.248151388322
0.247483063943
0.253680613134
0.259765905488
0.253012936462
0.258203585747
0.247252468768
0.251821072978
0.25509556898
0.236988373473
0.2448878936
0.250576121784
0.255858532229
0.262857132383
0.26835267443
0.272084961574
0.261404580143
0.266879274498
0.270070101911
0.275913163887
0.264565484078
0.26474411009
0.264165936144
0.232033865586
0.235753047924
0.242613557076
0.244837576616
0.2474935112
0.254645632477
0.256958651381
0.260648205024
0.245316740432
0.248948266804
0.246294419532
0.24649876147
0.241516885102
0.244550867909
0.251539762997
0.233094720275
0.238656264841
0.241879557457
0.242900831674
0.238882738672
0.237004547872
0.235370184902
0.228649276827
0.2358738876
0.241016523744
0.243510034757
0.248454521521
0.24588813225
0.249487020842
0.250173805953
0.257002750311
0.25425755385
0.234826278471
0.242713931192
0.244666680061
0.24754260012
0.232716191036
0.240472018687
0.246735959709
0.253988975109
0.251250830585
0.255559116826
0.262137952465
0.263698051778
0.271035668596
0.264324134461
0.25574149646
0.258736116532
0.256701294913
0.245986203988
0.245239257404
0.234191314741
0.228409151938
0.234865326884
0.231314655631
0.229426677576
0.223600495473
0.227824720079
0.233278398143
0.237256188889
0.245041458823
0.248845372101
0.255317475996
0.257756737862
0.261851467844
0.264110084504
0.245009008556
0.23425916365
0.218641203757
0.197168450208
0.1948042457
0.200790443203
0.203976564277
0.198732762291
0.203254371479
0.20827539046
0.200157494226
0.207877581861
0.205934443166
0.210384527551
0.216868701205
0.222253632565
0.228675771143
0.229109257533
0.233706547856
0.228169631981
0.235209048197
0.232120978512
0.235321815312
0.241666103859
0.247282693924
0.246146320596
0.253591858924
0.25648978808
0.2630710196
0.255289885844
0.25843326355
0.263016877387
0.270829479251
0.266637233704
0.274580248699
0.26651943089
0.266863746964
0.248344509963
0.247168233701
0.247961054436
0.24901915719
0.253240542544
0.240074086757
0.242039655522
0.231284854633
0.237500138564
0.226576497551
0.229515228776
0.2374008084
0.211594125212
0.202331822247
0.203384199825
0.208038328984
0.156400398176
0.160157232575
0.166236964659
0.162914119846
0.170025662053
0.165209455204
0.168206392335
0.169753280588
0.160398003436
0.151947708887
0.156875004197
0.156970651751
0.161723475207
0.158980381788
0.160116159931
0.160564048291
0.168516996353
0.166568102349
0.174337738875
0.181208398873
0.187250554855
0.191543293707
0.192572760433
0.170821403548
0.155865163268
0.157709104739
0.15971667111
0.162121504126
0.160165605799
0.158238464801
0.165424164229
0.166690698384
0.160153021089
0.165698488157
0.160211203187
0.16679685284
0.160795367269
0.168331023565
0.174571757138
0.167697277456
0.163202457413
0.17021154292
0.16811699028
0.172155013743
0.170917360708
0.176315930216
0.180423292453
0.186419262346
0.173416545016
0.179062185892
0.186328972191
0.187059352393
0.185495737954
0.183164219954
0.190245490709
0.197629042408
0.192316260003
0.196847701438
0.197797592114
0.200129882606
0.203418748128
0.200960704452
0.197816725521
0.200660098413
0.200647000229
0.195833320154
0.203426566049
0.197866000745
0.186175080452
0.193064224289
0.200031305634
0.207499215627
0.215436497749
0.213258583352
0.219833191688
0.22411620608
0.229385094864
0.232249796594
0.236308586517
0.23973130266
0.246928398076
0.252422913949
0.248757311743
0.250905345668
0.256949933957
0.245444010204
0.24634112382
0.243285805837
0.24837469301
0.249251893268
0.252124363518
0.260014649959
0.259185073754
0.262734561954
0.267857504837
0.275232407568
0.279106793004
0.276325183753
0.283161133621
0.28562020417
0.293294142678
0.296612299528
0.303084836897
0.291840042522
0.283338483962
0.289188327064
0.271526307384
0.276571371016
0.279208267661
0.285057535811
0.287867004976
0.291542322602
0.296283556427
0.303594974305
0.306144525665
0.312650271723
0.318836640018
0.319851738838
0.32237783406
0.324276112192
0.327327997341
0.334957533677
0.342830391508
0.349266454805
0.346846878421
0.339100582677
0.346860892853
0.346962845674
0.354962586997
0.356425306794
0.361009200405
0.362598150203
0.365626676564
0.357437677497
0.364296029317
0.369966591541
0.363282548224
0.36611981442
0.333806257746
0.340007916307
0.346284128387
0.350113984522
0.350836727977
0.326295448839
0.33068034287
0.33515990792
0.336380317158
0.337633597704
0.333277835422
0.340891794713
0.347299891834
0.349583626779
0.344777139704
0.346611602282
0.34695877288
0.34321572845
0.349495407486
0.353430414499
0.354419202774
0.360953422411
0.36243921159
0.365229938704
0.370534091058
0.377325822304
0.385207058091
0.378955189402
0.384362634888
0.380991434574
0.382507988382
0.383338228167
0.390451552996
0.392461423168
0.389226711607
0.379398025666
0.385893527726
0.39367757155
0.399929837349
0.407872775425
0.370577024185
0.377794071376
0.366617148059
0.372605332772
0.354456480388
0.352833044871
0.355248895766
0.362940783783
0.362748030263
0.361867348853
0.368179791891
0.360766102387
0.367680363268
0.361645745443
0.339319888438
0.337835428822
0.34326764196
0.345374709879
0.350417343158
0.35731779564
0.364721595666
0.358709325234
0.335050012612
0.342777136488
0.344139732981
0.342750771836
0.342186387472
0.324910337375
0.329354329606
0.335603504407
0.3387578675
0.343488441715
0.349489811727
0.345741394894
0.328696589331
0.331431791056
0.336006722474
0.335323782392
0.333342407979
0.339169494146
0.345649545781
0.337302483273
0.335325514616
0.338277798261
0.337189745786
0.34345545367
0.344391417442
0.351342056848
0.356155237293
0.360991295788
0.308678841265
0.31514296992
0.318945071426
0.325213997489
0.322710262722
0.326367341894
0.317385602688
0.324408842314
0.329947851124
0.331960536652
0.337559702209
0.329227227874
0.331637722768
0.338520219198
0.33765627893
0.329622491041
0.320956290851
0.31409242054
0.310685670137
0.310345583671
0.317671333774
0.32552608919
0.330360982137
0.326275030908
0.328890256631
0.300269954649
0.3055584726
0.297084127992
0.281964162567
0.250718460186
0.256417916877
0.229989957207
0.223638607888
0.221766976835
0.217002830114
0.2211493287
0.22133263619
0.229030104619
0.236722121217
0.220424211436
0.208575682894
0.207454894358
0.202283365395
0.204371968591
0.211232264678
0.20934374418
0.199483920446
0.193953317366
0.168870192528
0.16711725803
